date,state,positive,negative,pending,hospitalizedCurrently,hospitalizedCumulative,inIcuCurrently,inIcuCumulative,onVentilatorCurrently,onVentilatorCumulative,recovered,dataQualityGrade,lastUpdateEt,dateModified,death,hospitalized,dateChecked,fips,positiveIncrease,negativeIncrease,total,totalTestResults,totalTestResultsIncrease,posNeg,deathIncrease,hospitalizedIncrease,hash
20200307,MO,0,,,,,,,,,,,,Invalid DateTime,,,2020-05-26T00:00:00.000-00:00,29,0,0,0,0,0,0,0,0,479256fd2addfbbdaeebb6de5d244d993112684f
20200308,MO,1,,,,,,,,,,,,Invalid DateTime,,,2020-05-26T00:00:00.000-00:00,29,1,0,1,1,1,1,0,0,6a5dbbea606d7d887c0de6bf5a508cb383494d5f
20200309,MO,1,,,,,,,,,,,,Invalid DateTime,,,2020-05-26T00:00:00.000-00:00,29,0,0,1,1,0,1,0,0,b4eb0ebfd23a695b7f5d63ea544bbee2c9ab50fe
20200310,MO,1,,,,,,,,,,,,Invalid DateTime,,,2020-05-26T00:00:00.000-00:00,29,0,0,1,1,0,1,0,0,1915c6ec351b8c2140bc4f1041672f350858c94e
20200311,MO,1,,,,,,,,,,,,Invalid DateTime,,,2020-05-26T00:00:00.000-00:00,29,0,0,1,1,0,1,0,0,0d081d78dd0e32b7d99dd442dc65e3202800caf1
20200312,MO,1,64,,,,,,,,,,3/11/2020 00:00,2020-03-11T00:00:00Z,,,2020-05-26T00:00:00.000-00:00,29,0,64,65,65,64,65,0,0,6f2d44fa7871158d6e87209ad7a748a54e99add0
20200313,MO,2,71,,,,,,,,,,3/12/2020 17:45,2020-03-12T17:45:00Z,,,2020-05-26T00:00:00.000-00:00,29,1,7,73,73,8,73,0,0,71d54de57db4fc98af193b259cfcdf5a89dcdd94
20200314,MO,4,90,,,,,,,,,,3/13/2020 18:10,2020-03-13T18:10:00Z,0,,2020-05-26T00:00:00.000-00:00,29,2,19,94,94,21,94,0,0,c09a7f10c0cba72855de11d7be946563029aadd6
20200315,MO,5,122,,,,,,,,,,3/14/2020 22:00,2020-03-14T22:00:00Z,0,,2020-05-26T00:00:00.000-00:00,29,1,32,127,127,33,127,0,0,2d2963c11ea8cf77ed00df719a13d3460a59141d
20200316,MO,6,164,,,,,,,,,,3/16/2020 15:52,2020-03-16T15:52:00Z,0,,2020-05-26T00:00:00.000-00:00,29,1,42,170,170,43,170,0,0,a2fd66dbefd9a7d0b08249ba88b1d435ef6a3195
20200317,MO,8,207,,,,,,,,,,3/16/2020 20:00,2020-03-16T20:00:00Z,0,,2020-05-26T00:00:00.000-00:00,29,2,43,215,215,45,215,0,0,e2fa26b45657748cb3a3d1cd09299380c4f6854e
20200318,MO,13,253,,,,,,,,,,3/17/2020 19:15,2020-03-17T19:15:00Z,0,,2020-05-26T00:00:00.000-00:00,29,5,46,266,266,51,266,0,0,027a72ed5f460b2fbae92abfec3de4d6fa6043d1
20200319,MO,24,308,,,,,,,,,,3/18/2020 20:00,2020-03-18T20:00:00Z,1,,2020-05-26T00:00:00.000-00:00,29,11,55,332,332,66,332,1,0,b3df9e4f4b6756a13ea14ee008ebd874ec935420
20200320,MO,47,369,,,,,,,,,,3/20/2020 10:05,2020-03-20T10:05:00Z,1,,2020-05-26T00:00:00.000-00:00,29,23,61,416,416,84,416,0,0,e6dfe3c05d7cc4b3a16541dd43eaeda59f597cac
20200321,MO,73,369,,,,,,,,,,3/20/2020 22:00,2020-03-20T22:00:00Z,3,,2020-05-26T00:00:00.000-00:00,29,26,0,442,442,26,442,2,0,1c092797335ad1112696c6fbb497ea5ebdf1b413
20200322,MO,90,369,,,,,,,,,,3/21/2020 22:00,2020-03-21T22:00:00Z,3,,2020-05-26T00:00:00.000-00:00,29,17,0,459,459,17,459,0,0,6b96c3aa66326b8d6fa324c6e0bfb5ee1252db99
20200323,MO,183,369,,,,,,,,,C,3/23/2020 15:00,2020-03-23T15:00:00Z,3,,2020-05-26T00:00:00.000-00:00,29,93,0,552,552,93,552,0,0,701bfd2dc978ae1744a6866152de49441e4779bd
20200324,MO,183,369,,,,,,,,,C,3/23/2020 15:00,2020-03-23T15:00:00Z,3,,2020-05-26T00:00:00.000-00:00,29,0,0,552,552,0,552,0,0,2d96a1197ab443a9c867efa31cb2706a5d9c93f8
20200325,MO,356,369,,,,,,,,,C,3/24/2020 16:00,2020-03-24T16:00:00Z,8,,2020-05-26T00:00:00.000-00:00,29,173,0,725,725,173,725,5,0,e8f6183455e6b3e7bfbee08c5c53674052bde4d0
20200326,MO,502,369,,,,,,,,,C,3/26/2020 15:00,2020-03-26T15:00:00Z,8,,2020-05-26T00:00:00.000-00:00,29,146,0,871,871,146,871,0,0,188c95d02257480f6b3b72219002d20e0f2dd072
20200327,MO,669,369,,,,,,,,,C,3/27/2020 00:00,2020-03-27T00:00:00Z,8,,2020-05-26T00:00:00.000-00:00,29,167,0,1038,1038,167,1038,0,0,a7bfdd55ab107210733f989a8e37961a2e8a7721
20200328,MO,838,10082,,,,,,,,,C,3/28/2020 15:00,2020-03-28T15:00:00Z,10,,2020-05-26T00:00:00.000-00:00,29,169,9713,10920,10920,9882,10920,2,0,c38407eb681120bd8ddf66023662be73280df927
20200329,MO,838,11547,,,,,,,,,C,3/28/2020 15:00,2020-03-28T15:00:00Z,10,,2020-05-26T00:00:00.000-00:00,29,0,1465,12385,12385,1465,12385,0,0,16861e16a07490912f17b548732fc23fced7cd5a
20200330,MO,1031,13204,,,,,,,,,C,3/30/2020 16:00,2020-03-30T16:00:00Z,13,,2020-05-26T00:00:00.000-00:00,29,193,1657,14235,14235,1850,14235,3,0,ed9f83df7a7a735019521389f24c286deff62539
20200331,MO,1327,14614,,,,,,,,,C,3/31/2020 15:00,2020-03-31T15:00:00Z,14,,2020-05-26T00:00:00.000-00:00,29,296,1410,15941,15941,1706,15941,1,0,12565f52c27a34f6c8fce2dad92a0e2d9bc0660e
20200401,MO,1581,15846,,,,,,,,,C,4/1/2020 15:00,2020-04-01T15:00:00Z,18,,2020-05-26T00:00:00.000-00:00,29,254,1232,17427,17427,1486,17427,4,0,130bf81bcd137f3b901e02b14a50c42912c90e2d
20200402,MO,1834,17849,,,,,,,,,C,4/2/2020 15:00,2020-04-02T15:00:00Z,19,,2020-05-26T00:00:00.000-00:00,29,253,2003,19683,19683,2256,19683,1,0,eb77f6bdb7a6a99331cf1b5dbe2c126cb54652f9
20200403,MO,2113,19357,,,,,,,,,C,4/3/2020 15:00,2020-04-03T15:00:00Z,19,,2020-05-26T00:00:00.000-00:00,29,279,1508,21470,21470,1787,21470,0,0,382321179fdae24057b8e4efb651debbdf40a4a2
20200404,MO,2291,22614,,413,,,,,,,C,4/4/2020 15:00,2020-04-04T15:00:00Z,24,,2020-05-26T00:00:00.000-00:00,29,178,3257,24905,24905,3435,24905,5,0,a6d7d7f595c9bfbaa7f68735e30540faa3fd8bae
20200405,MO,2367,24882,,424,,,,,,,C,4/5/2020 15:00,2020-04-05T15:00:00Z,34,,2020-05-26T00:00:00.000-00:00,29,76,2268,27249,27249,2344,27249,10,0,84d33fe075287b74e06a2aa7858bdf5044c7b9c1
20200406,MO,2722,27113,,439,,,,,,,A,4/6/2020 16:28,2020-04-06T16:28:00Z,39,,2020-05-26T00:00:00.000-00:00,29,355,2231,29835,29835,2586,29835,5,0,7829e41183e18afb289147d4f1b01783d8b284f9
20200407,MO,3037,28932,,508,,,,,,,A,4/7/2020 15:00,2020-04-07T15:00:00Z,53,,2020-05-26T00:00:00.000-00:00,29,315,1819,31969,31969,2134,31969,14,0,d3c5ede6fb9bd6934f0522174a2bc11ea063e00b
20200408,MO,3327,30783,,519,,,,,,,A,4/8/2020 15:00,2020-04-08T15:00:00Z,58,,2020-05-26T00:00:00.000-00:00,29,290,1851,34110,34110,2141,34110,5,0,d82e8b74db8d7d7777c92cddb14e8767b7851aba
20200409,MO,3539,34955,,568,,,,,,,A,4/9/2020 15:00,2020-04-09T15:00:00Z,77,,2020-05-26T00:00:00.000-00:00,29,212,4172,38494,38494,4384,38494,19,0,d71dc499e9807403bafa358a6e27b061aadee47b
20200410,MO,3799,36941,,568,,,,,,,A,4/10/2020 15:00,2020-04-10T15:00:00Z,96,,2020-05-26T00:00:00.000-00:00,29,260,1986,40740,40740,2246,40740,19,0,c19f5d00e57b85050dbe54b36f6b667396daa5cb
20200411,MO,4024,39148,,506,,,,,,,A,4/11/2020 15:00,2020-04-11T15:00:00Z,109,,2020-05-26T00:00:00.000-00:00,29,225,2207,43172,43172,2432,43172,13,0,2f6baa4771dfa2894fa62179e9b2366d9b53259d
20200412,MO,4160,41040,,988,,,,,,,A,4/12/2020 15:00,2020-04-12T15:00:00Z,110,,2020-05-26T00:00:00.000-00:00,29,136,1892,45200,45200,2028,45200,1,0,3337e3c4db6817976bb96fe56613e2e3876c2027
20200413,MO,4388,41040,,988,,,,,,,A,4/13/2020 15:00,2020-04-13T15:00:00Z,114,,2020-05-26T00:00:00.000-00:00,29,228,0,45428,45428,228,45428,4,0,d9d8e5badef582eccb21afbf9853c6062e061eeb
20200414,MO,4686,43292,,1041,,,,,,,A,4/14/2020 15:00,2020-04-14T15:00:00Z,133,,2020-05-26T00:00:00.000-00:00,29,298,2252,47978,47978,2550,47978,19,0,b3cc26ba886a3ec8f8997b87b62ec6793103fc13
20200415,MO,4895,44117,,1024,,,,,,,A,4/15/2020 15:00,2020-04-15T15:00:00Z,147,,2020-05-26T00:00:00.000-00:00,29,209,825,49012,49012,1034,49012,14,0,cba04a82783251387901c7666cc879815adc401a
20200416,MO,5111,45537,,1043,,,,,,,A,4/16/2020 15:00,2020-04-16T15:00:00Z,152,,2020-05-26T00:00:00.000-00:00,29,216,1420,50648,50648,1636,50648,5,0,09fd8d4e4275e830db230d9dda4d86c2945e158d
20200417,MO,5283,46434,,1043,,,,,,,A,4/17/2020 15:00,2020-04-17T15:00:00Z,165,,2020-05-26T00:00:00.000-00:00,29,172,897,51717,51717,1069,51717,13,0,825812710f55bf7a3257a2908286c128e4635f60
20200418,MO,5517,48242,,875,,,,,,,A,4/18/2020 15:00,2020-04-18T15:00:00Z,175,,2020-05-26T00:00:00.000-00:00,29,234,1808,53759,53759,2042,53759,10,0,7aa9ba6d3fe8bc90a892ecb8d31e65efcfce524c
20200419,MO,5667,48242,,875,,,,,,,A,4/19/2020 15:00,2020-04-19T15:00:00Z,176,,2020-05-26T00:00:00.000-00:00,29,150,0,53909,53909,150,53909,1,0,844850b9712331638a0cc9b6c20a4967300a3e49
20200420,MO,5807,50206,,873,,,,,,,A,4/20/2020 15:00,2020-04-20T15:00:00Z,177,,2020-05-26T00:00:00.000-00:00,29,140,1964,56013,56013,2104,56013,1,0,4c9ccef6468a7fbc09f6770bc2982a90c9773024
20200421,MO,5941,51179,,1001,,,,,,,A,4/21/2020 15:00,2020-04-21T15:00:00Z,189,,2020-05-26T00:00:00.000-00:00,29,134,973,57120,57120,1107,57120,12,0,7b89f04d7537542ec6cd2182d36be7e3235ca2c7
20200422,MO,6137,52019,,1001,,,,,,,A,4/22/2020 15:00,2020-04-22T15:00:00Z,208,,2020-05-26T00:00:00.000-00:00,29,196,840,58156,58156,1036,58156,19,0,c7dcafc437f679eb2827818edcb99dfd2ca066ab
20200423,MO,6321,53129,,884,,,,,,,A,4/23/2020 15:00,2020-04-23T15:00:00Z,218,,2020-05-26T00:00:00.000-00:00,29,184,1110,59450,59450,1294,59450,10,0,4d006f5b7efa7ffec32ffd452d5b1271e2d7d1d9
20200424,MO,6625,58582,,877,,,,,,,A,4/24/2020 00:00,2020-04-24T00:00:00Z,262,,2020-05-26T00:00:00.000-00:00,29,304,5453,65207,65207,5757,65207,44,0,867974c03112427b560f3361962ca9120669bdb1
20200425,MO,6826,60392,,850,,,,142,,,B,4/25/2020 15:00,2020-04-25T15:00:00Z,273,,2020-05-26T00:00:00.000-00:00,29,201,1810,67218,67218,2011,67218,11,0,8c396881c56747bdf4d5f639453b85e180624b1d
20200426,MO,6997,62751,,679,,,,109,,,B,4/26/2020 15:00,2020-04-26T15:00:00Z,274,,2020-05-26T00:00:00.000-00:00,29,171,2359,69748,69748,2530,69748,1,0,449d287607a7427a67514a4f4eedc30af3e35ab0
20200427,MO,7171,63935,,679,,,,109,,,B,4/27/2020 15:00,2020-04-27T15:00:00Z,288,,2020-05-26T00:00:00.000-00:00,29,174,1184,71106,71106,1358,71106,14,0,29353665289c67ef754401be9ef2247e38a58e63
20200428,MO,7303,66200,,655,,,,105,,,B,4/28/2020 15:00,2020-04-28T15:00:00Z,314,,2020-05-26T00:00:00.000-00:00,29,132,2265,73503,73503,2397,73503,26,0,26bb21e920527042dbd6e71cbbfd6db307520756
20200429,MO,7425,69734,,891,,,,125,,,A,4/29/2020 15:00,2020-04-29T15:00:00Z,318,,2020-05-26T00:00:00.000-00:00,29,122,3534,77159,77159,3656,77159,4,0,36e42b5c2ef7859c2eb2d027f4a77f68e1f891d6
20200430,MO,7562,73125,,853,,,,141,,,A,4/30/2020 15:00,2020-04-30T15:00:00Z,329,,2020-05-26T00:00:00.000-00:00,29,137,3391,80687,80687,3528,80687,11,0,e78db25136907944e92c134d4eb5a514b792966e
20200501,MO,7835,74590,,883,,,,137,,,A,5/1/2020 15:00,2020-05-01T15:00:00Z,337,,2020-05-26T00:00:00.000-00:00,29,273,1465,82425,82425,1738,82425,8,0,33941546f4951cfc3f305b30d02ca5178fa23553
20200502,MO,8154,74590,,896,,,,141,,,A,5/2/2020 15:10,2020-05-02T15:10:00Z,351,,2020-05-26T00:00:00.000-00:00,29,319,0,82744,82744,319,82744,14,0,bdfe94ab679820e49f05032405902033436f7864
20200503,MO,8386,74590,,896,,,,141,,,A,5/3/2020 15:00,2020-05-03T15:00:00Z,352,,2020-05-26T00:00:00.000-00:00,29,232,0,82976,82976,232,82976,1,0,3b4d53bb338f9d223eaee9c01e3c46aeb73e7231
20200504,MO,8754,82697,,858,,,,135,,,A,5/4/2020 15:00,2020-05-04T15:00:00Z,358,,2020-05-26T00:00:00.000-00:00,29,368,8107,91451,91451,8475,91451,6,0,706a24cf2d988100bae1751246dbab30dd391b55
20200505,MO,8916,86150,,893,,,,139,,,A,5/5/2020 15:00,2020-05-05T15:00:00Z,377,,2020-05-26T00:00:00.000-00:00,29,162,3453,95066,95066,3615,95066,19,0,a880aaa50ae1d5148f07e0b42e6ce220d75af350
20200506,MO,9102,91645,,953,,,,134,,,B,5/6/2020 15:00,2020-05-06T15:00:00Z,396,,2020-05-26T00:00:00.000-00:00,29,186,5495,100747,100747,5681,100747,19,0,36b065472fb2b5a485c7ace7149e65f883bbc2ce
20200507,MO,9341,94281,,917,,,,141,,,B,5/7/2020 15:00,2020-05-07T15:00:00Z,418,,2020-05-26T00:00:00.000-00:00,29,239,2636,103622,103622,2875,103622,22,0,f4fc84137456fb3a798a2edbeadccca87aba1ec1
20200508,MO,9489,99232,,832,,,,143,,,B,5/8/2020 15:00,2020-05-08T15:00:00Z,449,,2020-05-26T00:00:00.000-00:00,29,148,4951,108721,108721,5099,108721,31,0,8dc5576f743197148841378f92ab464df5cbab2b
20200509,MO,9666,99232,,855,,,,144,,,B,5/9/2020 15:00,2020-05-09T15:00:00Z,472,,2020-05-26T00:00:00.000-00:00,29,177,0,108898,108898,177,108898,23,0,f05c1ea3d6d2b257d5d60d7711ae2cc391f3c84b
20200510,MO,9844,105702,,824,,,,137,,,B,5/10/2020 15:00,2020-05-10T15:00:00Z,482,,2020-05-26T00:00:00.000-00:00,29,178,6470,115546,115546,6648,115546,10,0,64d2789b1087ea14cf9ef191d3acc4ed9d6231bc
20200511,MO,9918,105702,,824,,,,137,,,B,5/11/2020 15:00,2020-05-11T15:00:00Z,488,,2020-05-26T00:00:00.000-00:00,29,74,0,115620,115620,74,115620,6,0,2c12b3acc42bf06b85ee2b4bb97c25701d9c09b4
20200512,MO,10006,111290,,787,,,,140,,,B,5/12/2020 15:00,2020-05-12T15:00:00Z,524,,2020-05-26T00:00:00.000-00:00,29,88,5588,121296,121296,5676,121296,36,0,fd843a95d803a3e028cdc9aba7eec25adc0eebda
20200513,MO,10142,114000,,771,,,,129,,,B,5/13/2020 15:00,2020-05-13T15:00:00Z,542,,2020-05-26T00:00:00.000-00:00,29,136,2710,124142,124142,2846,124142,18,0,28ce8b7ab3d64b587bf5aafe797a559809a6856a
20200514,MO,10317,116793,,796,,,,115,,,B,5/14/2020 15:00,2020-05-14T15:00:00Z,562,,2020-05-26T00:00:00.000-00:00,29,175,2793,127110,127110,2968,127110,20,0,f5072add8f1bc888ebab0cdfdf07832dc91964fe
20200515,MO,10456,124002,,812,,,,120,,,B,5/15/2020 15:00,2020-05-15T15:00:00Z,576,,2020-05-26T00:00:00.000-00:00,29,139,7209,134458,134458,7348,134458,14,0,5108ad640b2347115d07c2d6d757ba83db853769
20200516,MO,10675,128665,,775,,,,116,,,B,5/16/2020 15:00,2020-05-16T15:00:00Z,589,,2020-05-26T00:00:00.000-00:00,29,219,4663,139340,139340,4882,139340,13,0,29b91f000beb2e0f0ac4c85ad44548fcc9c32e69
20200517,MO,10789,135466,,775,,,,116,,,B,5/17/2020 15:00,2020-05-17T15:00:00Z,594,,2020-05-26T00:00:00.000-00:00,29,114,6801,146255,146255,6915,146255,5,0,c8a77dddc6da1ca853fb5441b30e146c8982c12e
20200518,MO,10945,140393,,570,,,,91,,,B,5/18/2020 15:00,2020-05-18T15:00:00Z,605,,2020-05-26T00:00:00.000-00:00,29,156,4927,151338,151338,5083,151338,11,0,2d18e67b474d1c6719798ce55165f47fb3195c41
20200519,MO,11080,143030,,721,,,,103,,,B,5/19/2020 15:00,2020-05-19T15:00:00Z,616,,2020-05-26T00:00:00.000-00:00,29,135,2637,154110,154110,2772,154110,11,0,dd5dbd7408d6ef751ef540c95fd7c7cf2c6f690e
20200520,MO,11232,150752,,546,,,,103,,,B,5/20/2020 15:00,2020-05-20T15:00:00Z,631,,2020-05-26T00:00:00.000-00:00,29,152,7722,161984,161984,7874,161984,15,0,4560f44817f41dff4bde0e3a9ee765d07312e8b4
20200521,MO,11340,150752,,697,,,,99,,,B,5/21/2020 15:00,2020-05-21T15:00:00Z,661,,2020-05-26T00:00:00.000-00:00,29,108,0,162092,162092,108,162092,30,0,ae61c0ed00708bb3754bc25a3a65623a11dce09a
20200522,MO,11558,161388,,711,,,,93,,,B,5/22/2020 15:00,2020-05-22T15:00:00Z,671,,2020-05-26T00:00:00.000-00:00,29,218,10636,172946,172946,10854,172946,10,0,6cc3b940961b50fb7861731484cfca43a587203c
20200523,MO,11752,136552,,742,,,,94,,,B,5/23/2020 15:00,2020-05-23T15:00:00Z,676,,2020-05-26T00:00:00.000-00:00,29,194,-24836,148304,148304,-24642,148304,5,0,ef341d181856808b23c592b101f27feeaf7e1390
20200524,MO,11988,139631,,742,,,,94,,,B,5/24/2020 15:00,2020-05-24T15:00:00Z,681,,2020-05-26T00:00:00.000-00:00,29,236,3079,151619,151619,3315,151619,5,0,024ead934e1ba0a8541ce0d13a6c000f53ad79f8
20200525,MO,12167,145218,,729,,,,93,,,B,5/25/2020 15:00,2020-05-25T15:00:00Z,685,,2020-05-26T00:00:00.000-00:00,29,179,5587,157385,157385,5766,157385,4,0,9ef7f7ff69bd961507978be2348374afc2affc67
