date,state,positive,negative,pending,hospitalizedCurrently,hospitalizedCumulative,inIcuCurrently,inIcuCumulative,onVentilatorCurrently,onVentilatorCumulative,recovered,dataQualityGrade,lastUpdateEt,dateModified,death,hospitalized,dateChecked,fips,positiveIncrease,negativeIncrease,total,totalTestResults,totalTestResultsIncrease,posNeg,deathIncrease,hospitalizedIncrease,hash
20200307,LA,0,,,,,,,,,,,,Invalid DateTime,,,2020-05-26T00:00:00.000-00:00,22,0,0,0,0,0,0,0,0,b4aec52dcdf3d648a5935cb8f43a230bc8d5499f
20200308,LA,0,5,,,,,,,,,,,Invalid DateTime,,,2020-05-26T00:00:00.000-00:00,22,0,5,5,5,5,5,0,0,bd67841fd293bcd3f31a453eca3cbf95ba9b948a
20200309,LA,1,5,,,,,,,,,,,Invalid DateTime,,,2020-05-26T00:00:00.000-00:00,22,1,0,6,6,1,6,0,0,ae175586ba4bbf9bef97287b100a6b0363ba023c
20200310,LA,1,11,,,,,,,,,,,Invalid DateTime,,,2020-05-26T00:00:00.000-00:00,22,0,6,12,12,6,12,0,0,970308eba2aab15cfb4f1386beeb46830a1a3a62
20200311,LA,6,37,,,,,,,,,,,Invalid DateTime,,,2020-05-26T00:00:00.000-00:00,22,5,26,43,43,31,43,0,0,7fdf4e7970743a7b4d201d9380e88dfeb0859c0f
20200312,LA,14,37,,,,,,,,,,3/12/2020 10:30,2020-03-12T10:30:00Z,,,2020-05-26T00:00:00.000-00:00,22,8,0,51,51,8,51,0,0,e66668af80613c703676e32aa620bebfc1dce918
20200313,LA,36,37,,,,,,,,,,3/13/2020 16:00,2020-03-13T16:00:00Z,,,2020-05-26T00:00:00.000-00:00,22,22,0,73,73,22,73,0,0,026405e03b423ed2cc11d98a7b0910d80bf0a50d
20200314,LA,51,109,,,,,,,,,,3/14/2020 12:15,2020-03-14T12:15:00Z,,,2020-05-26T00:00:00.000-00:00,22,15,72,160,160,87,160,0,0,3fe6db6d880b5588cedfe33c113bcfa40e470235
20200315,LA,90,156,,,,,,,,,,3/15/2020 11:30,2020-03-15T11:30:00Z,2,,2020-05-26T00:00:00.000-00:00,22,39,47,246,246,86,246,2,0,48bfc5a4504f6aaeb72e9ebc06be1db30b18ee46
20200316,LA,115,188,,,,,,,,,,3/16/2020 15:50,2020-03-16T15:50:00Z,2,,2020-05-26T00:00:00.000-00:00,22,25,32,303,303,57,303,0,0,6349f80ec708c54015095a1cc1f781428560425b
20200317,LA,137,286,,,,,,,,,,3/17/2020 10:30,2020-03-17T10:30:00Z,4,,2020-05-26T00:00:00.000-00:00,22,22,98,423,423,120,423,2,0,e7aa1bbe44276e4e9b305d531394300ad41788e1
20200318,LA,240,335,,,,,,,,,,3/18/2020 00:00,2020-03-18T00:00:00Z,6,,2020-05-26T00:00:00.000-00:00,22,103,49,575,575,152,575,2,0,f682d740cf89ec29787c6b7e7e627b8076fe26d1
20200319,LA,347,458,,,,,,,,,,3/19/2020 10:30,2020-03-19T10:30:00Z,8,,2020-05-26T00:00:00.000-00:00,22,107,123,805,805,230,805,2,0,81328537c8d2ca39518b336d951abcc676974b37
20200320,LA,473,568,,,,,,,,,,3/20/2020 15:30,2020-03-20T15:30:00Z,12,,2020-05-26T00:00:00.000-00:00,22,126,110,1041,1041,236,1041,4,0,2e18322efbc8321abc40bca3cb66e76e92142b56
20200321,LA,580,2180,,,,,,,,,,3/21/2020 10:30,2020-03-21T10:30:00Z,16,,2020-05-26T00:00:00.000-00:00,22,107,1612,2760,2760,1719,2760,4,0,9a285fc68ac938c187fa2c743b4393717878fff8
20200322,LA,837,2661,,,,,,,,,,3/22/2020 10:00,2020-03-22T10:00:00Z,20,,2020-05-26T00:00:00.000-00:00,22,257,481,3498,3498,738,3498,4,0,c06b3131bad28154a19a61f3e4cec5cef0e1ea5e
20200323,LA,1172,4776,,,,,,,,,B,3/23/2020 13:00,2020-03-23T13:00:00Z,34,,2020-05-26T00:00:00.000-00:00,22,335,2115,5948,5948,2450,5948,14,0,d3dcc67831b25ba690f1122408e4682092ad1826
20200324,LA,1388,7215,,271,,,,,,,A,3/24/2020 13:00,2020-03-24T13:00:00Z,46,,2020-05-26T00:00:00.000-00:00,22,216,2439,8603,8603,2655,8603,12,0,28ef1586d2b853b64b6560008f9d7e8a2f25c720
20200325,LA,1795,9656,,491,,,,163,,,A,3/25/2020 13:00,2020-03-25T13:00:00Z,65,,2020-05-26T00:00:00.000-00:00,22,407,2441,11451,11451,2848,11451,19,0,df38f27677676b192527b47e3231d22c850ce9a0
20200326,LA,2305,15724,,676,,,,239,,,A,3/26/2020 15:00,2020-03-26T15:00:00Z,83,,2020-05-26T00:00:00.000-00:00,22,510,6068,18029,18029,6578,18029,18,0,7dafa99a064b830e4e7afa5a460a6459692c5ced
20200327,LA,2746,18613,,773,,,,270,,,A,3/27/2020 13:00,2020-03-27T13:00:00Z,119,,2020-05-26T00:00:00.000-00:00,22,441,2889,21359,21359,3330,21359,36,0,3e7fe69a168cf6b168c2498a221f6f3d95a1414d
20200328,LA,3315,21846,,927,,,,336,,,A,3/28/2020 13:00,2020-03-28T13:00:00Z,137,,2020-05-26T00:00:00.000-00:00,22,569,3233,25161,25161,3802,25161,18,0,8aacd7017550fb1f0c973b2937d5d85d3c2657f0
20200329,LA,3540,24331,,1127,,,,380,,,A,3/29/2020 13:00,2020-03-29T13:00:00Z,151,,2020-05-26T00:00:00.000-00:00,22,225,2485,27871,27871,2710,27871,14,0,122ecad05b4e438dbbaa19ba5f4b5016aeb0508c
20200330,LA,4025,30008,,1185,,,,385,,,A,3/30/2020 13:00,2020-03-30T13:00:00Z,185,,2020-05-26T00:00:00.000-00:00,22,485,5677,34033,34033,6162,34033,34,0,5a81b8b0af40c3801df067aa24548af7b75214d2
20200331,LA,5237,33730,,1355,,,,438,,,A,3/31/2020 13:00,2020-03-31T13:00:00Z,239,,2020-05-26T00:00:00.000-00:00,22,1212,3722,38967,38967,4934,38967,54,0,96a71ef125eba685e1c6cf5d20afb80d1f2cf948
20200401,LA,6424,39352,,1498,,,,490,,,A,4/1/2020 13:00,2020-04-01T13:00:00Z,273,,2020-05-26T00:00:00.000-00:00,22,1187,5622,45776,45776,6809,45776,34,0,7adc3750fefc810a7100a33e07853b31471368ca
20200402,LA,9150,41936,,1639,,,,507,,,A,4/2/2020 13:00,2020-04-02T13:00:00Z,310,,2020-05-26T00:00:00.000-00:00,22,2726,2584,51086,51086,5310,51086,37,0,e5adf783e22e1db7550770adfb3e31d7dfe16e6a
20200403,LA,10297,43348,,1707,,,,535,,,A,4/3/2020 13:00,2020-04-03T13:00:00Z,370,,2020-05-26T00:00:00.000-00:00,22,1147,1412,53645,53645,2559,53645,60,0,15193ebd8fe9f1ba522adacfd5eb4774aa4721a1
20200404,LA,12496,46002,,1726,,,,571,,,A,4/4/2020 13:40,2020-04-04T13:40:00Z,409,,2020-05-26T00:00:00.000-00:00,22,2199,2654,58498,58498,4853,58498,39,0,0a73b9d5cb41a9391374b16d576379da232f0dad
20200405,LA,13010,47315,,1803,,,,561,,,A,4/5/2020 13:00,2020-04-05T13:00:00Z,477,,2020-05-26T00:00:00.000-00:00,22,514,1313,60325,60325,1827,60325,68,0,0b4cf9d618c94b669471e465c203662f93c366d9
20200406,LA,14867,54299,,1981,,,,552,,,A,4/6/2020 13:00,2020-04-06T13:00:00Z,512,,2020-05-26T00:00:00.000-00:00,22,1857,6984,69166,69166,8841,69166,35,0,73c4beff95847c2c110317c28048b903fa1c94ae
20200407,LA,16284,58371,,1996,,,,519,,,A,4/7/2020 13:00,2020-04-07T13:00:00Z,582,,2020-05-26T00:00:00.000-00:00,22,1417,4072,74655,74655,5489,74655,70,0,aa34d49dd711a81a21b88676c84fc0713ba35d97
20200408,LA,17030,64376,,1983,,,,490,,,A,4/8/2020 13:00,2020-04-08T13:00:00Z,652,,2020-05-26T00:00:00.000-00:00,22,746,6005,81406,81406,6751,81406,70,0,bf1fc7c30d97c0f0a826faa7929739c4f6e7d24a
20200409,LA,18283,68636,,2014,,,,473,,,A,4/9/2020 13:00,2020-04-09T13:00:00Z,702,,2020-05-26T00:00:00.000-00:00,22,1253,4260,86919,86919,5513,86919,50,0,afb4b3b8899ff78ebaaac77ed93e8ccf44c9d6e3
20200410,LA,19253,73027,,2054,,,,479,,,A,4/10/2020 13:00,2020-04-10T13:00:00Z,755,,2020-05-26T00:00:00.000-00:00,22,970,4391,92280,92280,5361,92280,53,0,4eb44de0e5abe8500ee2ca3ef15a2e8979a05e2e
20200411,LA,20014,76901,,2067,,,,470,,,A,4/11/2020 13:00,2020-04-11T13:00:00Z,806,,2020-05-26T00:00:00.000-00:00,22,761,3874,96915,96915,4635,96915,51,0,e13c7c61885f20f6e293cd03e11d1877aa89663a
20200412,LA,20595,83450,,2084,,,,458,,,A,4/12/2020 13:00,2020-04-12T13:00:00Z,840,,2020-05-26T00:00:00.000-00:00,22,581,6549,104045,104045,7130,104045,34,0,70f03f1c891c022e7e6f4e90c428fb538c03fb63
20200413,LA,21016,87075,,2134,,,,461,,,A,4/13/2020 13:00,2020-04-13T13:00:00Z,884,,2020-05-26T00:00:00.000-00:00,22,421,3625,108091,108091,4046,108091,44,0,5e11c6efd06d43e5ef53348bbdbe7d1f3c537e7b
20200414,LA,21518,96904,,1977,,,,436,,,A,4/13/2020 13:00,2020-04-13T13:00:00Z,1013,,2020-05-26T00:00:00.000-00:00,22,502,9829,118422,118422,10331,118422,129,0,8a65fd4d16911cb11d86488e8ba272834f3732ea
20200415,LA,21951,99977,,1943,,,,425,,,A,4/15/2020 13:00,2020-04-15T13:00:00Z,1103,,2020-05-26T00:00:00.000-00:00,22,433,3073,121928,121928,3506,121928,90,0,c7b2c595d3c21e46e6d5329862cbd1db0aee5c76
20200416,LA,22532,104054,,1914,,,,396,,,A,4/16/2020 13:00,2020-04-16T13:00:00Z,1156,,2020-05-26T00:00:00.000-00:00,22,581,4077,126586,126586,4658,126586,53,0,14c37f675f42c7a7145b278b4077aea909786c59
20200417,LA,23118,108869,,1868,,,,363,,,A,4/17/2020 13:00,2020-04-17T13:00:00Z,1213,,2020-05-26T00:00:00.000-00:00,22,586,4815,131987,131987,5401,131987,57,0,36078c58e00427095fd3915cb64a5dd812e520ba
20200418,LA,23580,114419,,1761,,,,347,,,A,4/18/2020 13:00,2020-04-18T13:00:00Z,1267,,2020-05-26T00:00:00.000-00:00,22,462,5550,137999,137999,6012,137999,54,0,a3c056b1618d72304a025bdffb213312204ef00b
20200419,LA,23928,111420,,1748,,,,349,,,A,4/19/2020 13:00,2020-04-19T13:00:00Z,1296,,2020-05-26T00:00:00.000-00:00,22,348,-2999,135348,135348,-2651,135348,29,0,d5a47583e790dfacf499b4d2bdbd08c710e72db9
20200420,LA,24523,111588,,1794,,,,332,,,A,4/20/2020 13:00,2020-04-20T13:00:00Z,1328,,2020-05-26T00:00:00.000-00:00,22,595,168,136111,136111,763,136111,32,0,b20f45e4c0cd1bbedba03cb42d4227cdb5ca4a59
20200421,LA,24854,111588,,1798,,,,297,,,A,4/21/2020 13:00,2020-04-21T13:00:00Z,1405,,2020-05-26T00:00:00.000-00:00,22,331,0,136442,136442,331,136442,77,0,80fd5274e3e9060f130493570d8122aa7da21c39
20200422,LA,25258,111588,,1747,,,,287,,14927,A,4/22/2020 13:00,2020-04-22T13:00:00Z,1473,,2020-05-26T00:00:00.000-00:00,22,404,0,136846,136846,404,136846,68,0,cc26618dbcdd7e1bd55362030ddc1ddd67e813a7
20200423,LA,25739,111774,,1727,,,,274,,14927,A,4/23/2020 13:00,2020-04-23T13:00:00Z,1540,,2020-05-26T00:00:00.000-00:00,22,481,186,137513,137513,667,137513,67,0,cbee64a3d416461894b4c593e378d61bbf67db78
20200424,LA,26140,111972,,1697,,,,286,,14927,A,4/24/2020 13:00,2020-04-24T13:00:00Z,1601,,2020-05-26T00:00:00.000-00:00,22,401,198,138112,138112,599,138112,61,0,20bda4aad9967ff71857721f1023740700d6be78
20200425,LA,26512,112490,,1700,,,,268,,14927,B,4/25/2020 13:00,2020-04-25T13:00:00Z,1644,,2020-05-26T00:00:00.000-00:00,22,372,518,139002,139002,890,139002,43,0,3b7085679f493ca036df00c47c2f1122bdbd54b1
20200426,LA,26773,116263,,1701,,,,265,,14927,B,4/26/2020 13:00,2020-04-26T13:00:00Z,1670,,2020-05-26T00:00:00.000-00:00,22,261,3773,143036,143036,4034,143036,26,0,45d8b4d3b0c866d584f59ae954f6dd035cc857f0
20200427,LA,27068,119921,,1683,,,,262,,17303,B,4/27/2020 13:00,2020-04-27T13:00:00Z,1697,,2020-05-26T00:00:00.000-00:00,22,295,3658,146989,146989,3953,146989,27,0,4dcd90b450e8ee94826058ccd23699fdbcf1cf93
20200428,LA,27286,123822,,1666,,,,244,,17303,B,4/28/2020 13:00,2020-04-28T13:00:00Z,1758,,2020-05-26T00:00:00.000-00:00,22,218,3901,151108,151108,4119,151108,61,0,31fb503a811e5f5998b2a729cdd9bfa5b6f367d4
20200429,LA,27660,128908,,1629,,,,244,,17303,B,4/29/2020 13:00,2020-04-29T13:00:00Z,1802,,2020-05-26T00:00:00.000-00:00,22,374,5086,156568,156568,5460,156568,44,0,42d05cd7c289eaf0d486d4042d8ceda0d9438c12
20200430,LA,28001,133308,,1601,,,,231,,17303,B,4/30/2020 13:00,2020-04-30T13:00:00Z,1862,,2020-05-26T00:00:00.000-00:00,22,341,4400,161309,161309,4741,161309,60,0,e1a414687ec1dac51605d4d548a5922833e69d90
20200501,LA,28711,139540,,1607,,,,230,,17303,B,5/1/2020 13:00,2020-05-01T13:00:00Z,1927,,2020-05-26T00:00:00.000-00:00,22,710,6232,168251,168251,6942,168251,65,0,7a88ab207c4fa07cc1ded0c618457ac82aad930c
20200502,LA,29140,143718,,1545,,,,208,,17303,B,5/2/2020 13:00,2020-05-02T13:00:00Z,1950,,2020-05-26T00:00:00.000-00:00,22,429,4178,172858,172858,4607,172858,23,0,dd66219579b7c8a67a772f98a7a15232b958ddb5
20200503,LA,29340,146820,,1530,,,,213,,17303,B,5/3/2020 13:00,2020-05-03T13:00:00Z,1969,,2020-05-26T00:00:00.000-00:00,22,200,3102,176160,176160,3302,176160,19,0,89d5af18ebaf329c53d21ad739859f8aa3a86a0d
20200504,LA,29673,151258,,1502,,,,220,,20316,B,5/4/2020 13:00,2020-05-04T13:00:00Z,2064,,2020-05-26T00:00:00.000-00:00,22,333,4438,180931,180931,4771,180931,95,0,6ec5aa44c4406c041a6d1a08ecd0ef0bffbcf12b
20200505,LA,29996,158235,,1512,,,,194,,20316,B,5/5/2020 13:00,2020-05-05T13:00:00Z,2115,,2020-05-26T00:00:00.000-00:00,22,323,6977,188231,188231,7300,188231,51,0,5e229ddab606c510149267429aa8a683bc2c5b5c
20200506,LA,30399,164273,,1465,,,,187,,20316,B,5/6/2020 16:30,2020-05-06T16:30:00Z,2115,,2020-05-26T00:00:00.000-00:00,22,403,6038,194672,194672,6441,194672,0,0,5f8701c87703bf7a86131388291d885c2932dc0d
20200507,LA,30652,170115,,1432,,,,189,,20316,B,5/7/2020 13:00,2020-05-07T13:00:00Z,2208,,2020-05-26T00:00:00.000-00:00,22,253,5842,200767,200767,6095,200767,93,0,090ef1f28cec2fc5d89b02a049397e5274365b7e
20200508,LA,30855,171561,,1359,,,,185,,20316,B,5/8/2020 13:00,2020-05-08T13:00:00Z,2227,,2020-05-26T00:00:00.000-00:00,22,203,1446,202416,202416,1649,202416,19,0,76607330fc1a30c3126927f2fc85a2d7c1e2d90b
20200509,LA,31417,180740,,1333,,,,165,,20316,B,5/9/2020 13:00,2020-05-09T13:00:00Z,2267,,2020-05-26T00:00:00.000-00:00,22,562,9179,212157,212157,9741,212157,40,0,3f01df26d743dff04e9ead39a37bc4c32068dd91
20200510,LA,31600,184272,,1324,,,,161,,20316,B,5/10/2020 13:00,2020-05-10T13:00:00Z,2286,,2020-05-26T00:00:00.000-00:00,22,183,3532,215872,215872,3715,215872,19,0,d359521760cf5f44468f3c6fcea3ed8ce1554638
20200511,LA,31815,189015,,1310,,,,157,,22608,B,5/11/2020 13:00,2020-05-11T13:00:00Z,2308,,2020-05-26T00:00:00.000-00:00,22,215,4743,220830,220830,4958,220830,22,0,ecaf3e0dbb2755caec024b45153f58b4b96c71e4
20200512,LA,32050,195962,,1320,,,,146,,22608,B,5/12/2020 13:00,2020-05-12T13:00:00Z,2347,,2020-05-26T00:00:00.000-00:00,22,235,6947,228012,228012,7182,228012,39,0,7cd8fa3b038de5bae0e10d939fff42690d48b63d
20200513,LA,32662,205242,,1194,,,,147,,22608,B,5/13/2020 13:00,2020-05-13T13:00:00Z,2381,,2020-05-26T00:00:00.000-00:00,22,612,9280,237904,237904,9892,237904,34,0,7abae852498a9f83eb32670fb92bc43252b67a81
20200514,LA,33489,214099,,1193,,,,140,,22608,B,5/14/2020 13:00,2020-05-14T13:00:00Z,2417,,2020-05-26T00:00:00.000-00:00,22,827,8857,247588,247588,9684,247588,36,0,0ecb1814cb620a8908a049246d7bde24e2a109d1
20200515,LA,33837,219352,,1091,,,,132,,22608,B,5/15/2020 13:00,2020-05-15T13:00:00Z,2448,,2020-05-26T00:00:00.000-00:00,22,348,5253,253189,253189,5601,253189,31,0,49ca9e0649c2bd18f67119dbc37e0b990243764c
20200516,LA,34117,225625,,1028,,,,123,,22608,B,5/16/2020 13:00,2020-05-16T13:00:00Z,2479,,2020-05-26T00:00:00.000-00:00,22,280,6273,259742,259742,6553,259742,31,0,9a741e4348c6e6e7267378b2d4c18043322fb6fd
20200517,LA,34432,230738,,1019,,,,111,,22608,B,5/17/2020 13:00,2020-05-17T13:00:00Z,2491,,2020-05-26T00:00:00.000-00:00,22,315,5113,265170,265170,5428,265170,12,0,c2afd010bf3ae3d1367d62b32a03556d349c3747
20200518,LA,34709,235039,,1031,,,,118,,26249,B,5/18/2020 13:00,2020-05-18T13:00:00Z,2563,,2020-05-26T00:00:00.000-00:00,22,277,4301,269748,269748,4578,269748,72,0,bd4680b9ffd521e9db88da188c74ccca9c1abfe0
20200519,LA,35038,243035,,1004,,,,112,,26249,B,5/19/2020 13:00,2020-05-19T13:00:00Z,2581,,2020-05-26T00:00:00.000-00:00,22,329,7996,278073,278073,8325,278073,18,0,b6a8774382f3d4618575c443b67a311e5112fadb
20200520,LA,35316,250654,,931,,,,110,,26249,B,5/20/2020 13:00,2020-05-20T13:00:00Z,2608,,2020-05-26T00:00:00.000-00:00,22,278,7619,285970,285970,7897,285970,27,0,e6a8d168d19579ccb6cea8283777d1b3a26f73c9
20200521,LA,36504,268877,,884,,,,107,,26249,B,5/21/2020 13:00,2020-05-21T13:00:00Z,2629,,2020-05-26T00:00:00.000-00:00,22,1188,18223,305381,305381,19411,305381,21,0,ba0386589240ec0076bc7fe823e4ac63a6432e55
20200522,LA,36925,274883,,867,,,,104,,26249,B,5/22/2020 13:00,2020-05-22T13:00:00Z,2668,,2020-05-26T00:00:00.000-00:00,22,421,6006,311808,311808,6427,311808,39,0,f2462fceb1222c3e7160d9e30b2fea3db6db9ac0
20200523,LA,37040,277407,,836,,,,112,,26249,B,5/23/2020 13:00,2020-05-23T13:00:00Z,2668,,2020-05-26T00:00:00.000-00:00,22,115,2524,314447,314447,2639,314447,0,0,3b8d373b7783c064f25564b40b1ac7fa2accb207
20200524,LA,37169,278867,,813,,,,102,,26249,B,5/24/2020 13:00,2020-05-24T13:00:00Z,2690,,2020-05-26T00:00:00.000-00:00,22,129,1460,316036,316036,1589,316036,22,0,1af51ab991b6632c508af786d2ff0efdc82de319
20200525,LA,37809,293089,,847,,,,102,,28700,B,5/25/2020 13:00,2020-05-25T13:00:00Z,2690,,2020-05-26T00:00:00.000-00:00,22,640,14222,330898,330898,14862,330898,0,0,3a933580a367b269d0940017bf752469408c04d9
20200526,LA,38054,302972,,831,,,,103,,28700,B,5/26/2020 13:00,2020-05-26T13:00:00Z,2701,,2020-05-26T00:00:00.000-00:00,22,245,9883,341026,341026,10128,341026,11,0,591b0eb0804f6e1670ebc72deb2b2af96da306b4
