date,state,positive,negative,pending,hospitalizedCurrently,hospitalizedCumulative,inIcuCurrently,inIcuCumulative,onVentilatorCurrently,onVentilatorCumulative,recovered,dataQualityGrade,lastUpdateEt,dateModified,death,hospitalized,dateChecked,fips,positiveIncrease,negativeIncrease,total,totalTestResults,totalTestResultsIncrease,posNeg,deathIncrease,hospitalizedIncrease,hash
20200306,AR,0,6,0,,,,,,,,,,Invalid DateTime,,,2020-05-26T00:00:00.000-00:00,05,0,0,6,6,0,6,0,0,f2038356d1a4d9bbbe39a3179d60ab7bfe6dff60
20200307,AR,0,6,0,,,,,,,,,,Invalid DateTime,,,2020-05-26T00:00:00.000-00:00,05,0,0,6,6,0,6,0,0,ee1da1eba09915e860551202ad377808f26d5867
20200308,AR,0,6,0,,,,,,,,,,Invalid DateTime,,,2020-05-26T00:00:00.000-00:00,05,0,0,6,6,0,6,0,0,d683efee4edddd805a5ce88e91100500537a6021
20200309,AR,0,12,0,,,,,,,,,,Invalid DateTime,,,2020-05-26T00:00:00.000-00:00,05,0,6,12,12,6,12,0,0,5548aceaea209cbad480a283a27fab85b4560d0e
20200310,AR,0,12,3,,,,,,,,,,Invalid DateTime,,,2020-05-26T00:00:00.000-00:00,05,0,0,15,12,0,12,0,0,ca6236a496881f6aaf3ad9588fdbe0e9191cb88f
20200311,AR,0,12,14,,,,,,,,,,Invalid DateTime,,,2020-05-26T00:00:00.000-00:00,05,0,0,26,12,0,12,0,0,a1fae5d4a1ae087bade871a1da80f925b49ff117
20200312,AR,6,24,20,,,,,,,,,3/11/2020 00:00,2020-03-11T00:00:00Z,,,2020-05-26T00:00:00.000-00:00,05,6,12,50,30,18,30,0,0,a5bc6f84a8b84dcdf1b67299ec4725c4a86efa18
20200313,AR,9,30,22,,,,,,,,,3/13/2020 00:00,2020-03-13T00:00:00Z,,,2020-05-26T00:00:00.000-00:00,05,3,6,61,39,9,39,0,0,3d8cada7ef68d331010799ef12500fa8c413dc56
20200314,AR,12,65,26,,,,,,,,,3/13/2020 00:00,2020-03-13T00:00:00Z,,,2020-05-26T00:00:00.000-00:00,05,3,35,103,77,38,77,0,0,7572c7c377f92a7d5fec4a0e341aecf390cf4862
20200315,AR,16,103,30,,,,,,,,,3/15/2020 00:00,2020-03-15T00:00:00Z,,,2020-05-26T00:00:00.000-00:00,05,4,38,149,119,42,119,0,0,717554d50788d6d6fb4fea6584750ceb3a58342f
20200316,AR,22,132,14,,,,,,,,,3/16/2020 15:08,2020-03-16T15:08:00Z,,,2020-05-26T00:00:00.000-00:00,05,6,29,168,154,35,154,0,0,c0849dc9d2f56c9343b78531b40e56d8e7709415
20200317,AR,22,197,41,,,,,,,,,3/17/2020 00:00,2020-03-17T00:00:00Z,,,2020-05-26T00:00:00.000-00:00,05,0,65,260,219,65,219,0,0,348bfeccabc42d58eac086e660448bf76a9ae4c2
20200318,AR,33,236,50,,,,,,,,,3/18/2020 00:00,2020-03-18T00:00:00Z,,,2020-05-26T00:00:00.000-00:00,05,11,39,319,269,50,269,0,0,7a948664635ef430911791eacc72de278a2ee61b
20200319,AR,46,310,113,,,,,,,,,3/19/2020 11:23,2020-03-19T11:23:00Z,,,2020-05-26T00:00:00.000-00:00,05,13,74,469,356,87,356,0,0,8c36bfaadd29f3719554bace0e9cd7e393d004ac
20200320,AR,96,351,203,,,,,,,,,3/20/2020 14:19,2020-03-20T14:19:00Z,,,2020-05-26T00:00:00.000-00:00,05,50,41,650,447,91,447,0,0,ccbc47aababf5792d7e69e79f61c0c3813017327
20200321,AR,118,567,154,,,,,,,,,3/21/2020 13:47,2020-03-21T13:47:00Z,,,2020-05-26T00:00:00.000-00:00,05,22,216,839,685,238,685,0,0,857c00cbaa89d88f29b3c850dc823459bb3e19ef
20200322,AR,165,711,119,13,,,,,,,,3/22/2020 13:45,2020-03-22T13:45:00Z,0,,2020-05-26T00:00:00.000-00:00,05,47,144,995,876,191,876,0,0,42be8762df0130bc815afcae4205050d4cc54a8d
20200323,AR,174,906,,13,,,,,,,A,3/23/2020 00:00,2020-03-23T00:00:00Z,0,,2020-05-26T00:00:00.000-00:00,05,9,195,1080,1080,204,1080,0,0,21121ff9bb747d12b166cb16d465c97b810bfdd1
20200324,AR,218,947,,22,,,,,,,A,3/24/2020 00:00,2020-03-24T00:00:00Z,0,,2020-05-26T00:00:00.000-00:00,05,44,41,1165,1165,85,1165,0,0,83e9082349091ccf95cfda843c0dd9a3e1191ec4
20200325,AR,280,1437,,22,,,,4,,11,A,3/25/2020 09:19,2020-03-25T09:19:00Z,2,,2020-05-26T00:00:00.000-00:00,05,62,490,1717,1717,552,1717,2,0,b54c610da8dc29a695be89ef9c2e7144ecb6183e
20200326,AR,335,1504,,41,,,,13,,13,A,3/26/2020 00:00,2020-03-26T00:00:00Z,3,,2020-05-26T00:00:00.000-00:00,05,55,67,1839,1839,122,1839,1,0,31272f189263cd1f9a6b6f1d8efd0a44f73b2b96
20200327,AR,381,1545,,48,,,,17,,19,A,3/27/2020 14:05,2020-03-27T14:05:00Z,3,,2020-05-26T00:00:00.000-00:00,05,46,41,1926,1926,87,1926,0,0,a3a0c1a97616024319d9b418445ef891fd8a8501
20200328,AR,404,2938,,48,,,,17,,24,A,3/28/2020 00:00,2020-03-28T00:00:00Z,5,,2020-05-26T00:00:00.000-00:00,05,23,1393,3342,3342,1416,3342,2,0,62fb1c794ec403ca6967c92b45f377a192709269
20200329,AR,426,3027,,43,,,,16,,28,A,3/29/2020 11:10,2020-03-29T11:10:00Z,6,,2020-05-26T00:00:00.000-00:00,05,22,89,3453,3453,111,3453,1,0,24fe5cfe7598143e1586a304754b88effdc4cc37
20200330,AR,473,5262,,62,,,,21,,29,A,3/30/2020 15:42,2020-03-30T15:42:00Z,7,,2020-05-26T00:00:00.000-00:00,05,47,2235,5735,5735,2282,5735,1,0,0489d41f2348fc4748bb1e55d8978914f92a3bbb
20200331,AR,523,5959,,64,,,,23,,35,A,3/31/2020 14:59,2020-03-31T14:59:00Z,8,,2020-05-26T00:00:00.000-00:00,05,50,697,6482,6482,747,6482,1,0,65d6e2f97316e59c6b8b6814244aeaa19a68d95f
20200401,AR,584,7354,,56,90,,,25,32,42,A,4/1/2020 13:26,2020-04-01T13:26:00Z,10,90,2020-05-26T00:00:00.000-00:00,05,61,1395,7938,7938,1456,7938,2,90,ef2e9df95f3cc91d99e7547338b3cdf409661bd2
20200402,AR,643,7880,,66,100,,,23,32,47,A,4/2/2020 14:45,2020-04-02T14:45:00Z,12,100,2020-05-26T00:00:00.000-00:00,05,59,526,8523,8523,585,8523,2,10,3d803df6e55ba5714e078ec900105974f7482e79
20200403,AR,704,8995,,71,105,,,26,39,60,A,4/3/2020 16:21,2020-04-03T16:21:00Z,12,105,2020-05-26T00:00:00.000-00:00,05,61,1115,9699,9699,1176,9699,0,5,a04afdb1f11ad0b7510c85de467e11363c913aa8
20200404,AR,743,9627,,72,106,,,23,39,79,A,4/4/2020 00:00,2020-04-04T00:00:00Z,14,106,2020-05-26T00:00:00.000-00:00,05,39,632,10370,10370,671,10370,2,1,9d5131a7541c7c6e2df81d7df0c1f9fd00a09dc9
20200405,AR,830,10412,,67,130,,,27,39,97,A,4/5/2020 14:34,2020-04-05T14:34:00Z,16,130,2020-05-26T00:00:00.000-00:00,05,87,785,11242,11242,872,11242,2,24,1fcd0982a88a1da2a14166248610f3538115fa2f
20200406,AR,875,11970,,74,137,,,22,39,102,A,4/6/2020 14:35,2020-04-06T14:35:00Z,16,137,2020-05-26T00:00:00.000-00:00,05,45,1558,12845,12845,1603,12845,0,7,1077957c6c6dddc185238152afc9c719fb2f690f
20200407,AR,946,12692,,74,148,,,26,43,142,A,4/7/2020 14:41,2020-04-07T14:41:00Z,16,148,2020-05-26T00:00:00.000-00:00,05,71,722,13638,13638,793,13638,0,11,a6e07e35e160c3b64b8e5a59b4a3ba4eaff9e577
20200408,AR,1000,13530,,76,130,,43,30,39,208,A,4/8/2020 14:35,2020-04-08T14:35:00Z,18,130,2020-05-26T00:00:00.000-00:00,05,54,838,14530,14530,892,14530,2,-18,39e1a0f2c0e93951d60d5b45357aa8e1d84a9e4d
20200409,AR,1119,13832,,73,130,,43,31,39,288,A,4/9/2020 14:35,2020-04-09T14:35:00Z,21,130,2020-05-26T00:00:00.000-00:00,05,119,302,14951,14951,421,14951,3,0,a1ddd832ca002a9c072cb390231a4fff6dafe41b
20200410,AR,1171,15949,,86,130,,43,33,39,312,A,4/10/2020 14:36,2020-04-10T14:36:00Z,23,130,2020-05-26T00:00:00.000-00:00,05,52,2117,17120,17120,2169,17120,2,0,e91869b563782b677ae66e19d44e62864e362028
20200411,AR,1226,17352,,86,130,,43,33,39,340,A,4/11/2020 13:20,2020-04-11T13:20:00Z,24,130,2020-05-26T00:00:00.000-00:00,05,55,1403,18578,18578,1458,18578,1,0,a356294b2cc7dc5b172a906f7a5c97722ecf4f6b
20200412,AR,1280,18442,,74,130,,43,30,39,367,A,4/12/2020 11:33,2020-04-12T11:33:00Z,27,130,2020-05-26T00:00:00.000-00:00,05,54,1090,19722,19722,1144,19722,3,0,089a4c79ceb8b2445433b00e9d1b91e489b36d84
20200413,AR,1410,19394,,74,130,,43,28,39,391,A,4/13/2020 13:33,2020-04-13T13:33:00Z,30,130,2020-05-26T00:00:00.000-00:00,05,130,952,20804,20804,1082,20804,3,0,a57b02b29ccf49cce8372d4f19d404be1b9c40db
20200414,AR,1480,19651,,81,130,,43,29,39,427,A,4/14/2020 14:46,2020-04-14T14:46:00Z,30,130,2020-05-26T00:00:00.000-00:00,05,70,257,21131,21131,327,21131,0,0,9bfb1c33903b898a038908aa108dcd42b5c16338
20200415,AR,1569,20265,,83,130,,43,26,39,489,A,4/15/2020 14:45,2020-04-15T14:45:00Z,33,130,2020-05-26T00:00:00.000-00:00,05,89,614,21834,21834,703,21834,3,0,e49d33c7e6000d19636ebbdcb2e56e124baceb22
20200416,AR,1620,21055,,85,,,,21,,548,A,4/16/2020 14:45,2020-04-16T14:45:00Z,37,,2020-05-26T00:00:00.000-00:00,05,51,790,22675,22675,841,22675,4,-130,4fe821beb8e231fe8557c18a9e0b614be5484615
20200417,AR,1695,21799,,83,,,,21,,593,A,4/17/2020 19:00,2020-04-17T19:00:00Z,37,,2020-05-26T00:00:00.000-00:00,05,75,744,23494,23494,819,23494,0,0,d99a684c7354496df42f9c763ce095f3786e9f91
20200418,AR,1739,22402,,86,291,,,22,57,703,A,4/17/2020 19:00,2020-04-17T19:00:00Z,38,291,2020-05-26T00:00:00.000-00:00,05,44,603,24141,24141,647,24141,1,291,212917b1398e441448f2ba348deda72cc01f486b
20200419,AR,1781,22428,,88,291,,,25,57,721,A,4/19/2020 18:47,2020-04-19T18:47:00Z,40,291,2020-05-26T00:00:00.000-00:00,05,42,26,24209,24209,68,24209,2,0,89a16abd085272089f4503f0cb1729c564274f51
20200420,AR,1923,24630,,93,291,,,24,57,749,A,4/20/2020 14:30,2020-04-20T14:30:00Z,42,291,2020-05-26T00:00:00.000-00:00,05,142,2202,26553,26553,2344,26553,2,0,ff68d61dbb6e022689db46f630f645d9c6646757
20200421,AR,2227,25214,,86,291,,,27,57,809,A,4/21/2020 00:00,2020-04-21T00:00:00Z,43,291,2020-05-26T00:00:00.000-00:00,05,304,584,27441,27441,888,27441,1,0,d5c6a3848a34842e81cfd611a45355a5468bbee1
20200422,AR,2276,27437,,97,291,,,23,57,863,A,4/22/2020 16:01,2020-04-22T16:01:00Z,42,291,2020-05-26T00:00:00.000-00:00,05,49,2223,29713,29713,2272,29713,-1,0,9981423f901c26e22220b549be26dbffb8505a33
20200423,AR,2465,29125,,101,291,,,24,57,902,A,4/23/2020 14:48,2020-04-23T14:48:00Z,45,291,2020-05-26T00:00:00.000-00:00,05,189,1688,31590,31590,1877,31590,3,0,24257b8ab9b0c0eb07252a93cbe333cf38279be0
20200424,AR,2741,32837,,101,291,,,24,57,929,A,4/24/2020 10:47,2020-04-24T10:47:00Z,45,291,2020-05-26T00:00:00.000-00:00,05,276,3712,35578,35578,3988,35578,0,0,aecc570b5af134cbc72fda10631a6113f14dc531
20200425,AR,2829,35224,,104,291,,,25,57,964,B,4/25/2020 10:47,2020-04-25T10:47:00Z,47,291,2020-05-26T00:00:00.000-00:00,05,88,2387,38053,38053,2475,38053,2,0,5ebbdb4672744d19e1a4a519bd3a9e32d87a2776
20200426,AR,2941,36528,,104,291,,,25,57,985,B,4/26/2020 10:00,2020-04-26T10:00:00Z,49,291,2020-05-26T00:00:00.000-00:00,05,112,1304,39469,39469,1416,39469,2,0,5396df0971bbe5face0f8aa90509863305479301
20200427,AR,3017,37440,,109,,,,25,,987,B,4/27/2020 15:00,2020-04-27T15:00:00Z,50,,2020-05-26T00:00:00.000-00:00,05,76,912,40457,40457,988,40457,1,-291,87fe42b08da1005e91071b77572a8fd336517e57
20200428,AR,3111,37560,,104,,,,20,,1146,B,4/28/2020 09:00,2020-04-28T09:00:00Z,52,,2020-05-26T00:00:00.000-00:00,05,94,120,40671,40671,214,40671,2,0,d3c80d00f16f7fbcb69a24c29647c664db4248c0
20200429,AR,3192,42257,,93,389,,,18,82,1249,B,4/29/2020 09:00,2020-04-29T09:00:00Z,59,389,2020-05-26T00:00:00.000-00:00,05,81,4697,45449,45449,4778,45449,7,389,54017f00e5566e914bd5408606d33b365be2db70
20200430,AR,3255,45124,,95,402,,,23,85,1305,B,4/30/2020 14:49,2020-04-30T14:49:00Z,61,402,2020-05-26T00:00:00.000-00:00,05,63,2867,48379,48379,2930,48379,2,13,6b8ef8e48cce9e06816dc5c1e79d65f2e3bbe63e
20200501,AR,3321,46355,,95,414,,,23,85,1973,B,5/1/2020 14:50,2020-05-01T14:50:00Z,64,414,2020-05-26T00:00:00.000-00:00,05,66,1231,49676,49676,1297,49676,3,12,39300bdd5c34478b94eb19047cac5e2b7a42a04b
20200502,AR,3372,48210,,95,414,,,20,85,1987,B,5/2/2020 14:47,2020-05-02T14:47:00Z,73,414,2020-05-26T00:00:00.000-00:00,05,51,1855,51582,51582,1906,51582,9,0,6e2b7061fe20a56861c4cf11a9eab7784a623bc9
20200503,AR,3431,49459,,100,427,,,20,88,1999,B,5/3/2020 13:30,2020-05-03T13:30:00Z,76,427,2020-05-26T00:00:00.000-00:00,05,59,1249,52890,52890,1308,52890,3,13,d38a1368d1c86e6ec531fbcd33346a8fcb5f54e1
20200504,AR,3458,50984,,91,438,,,16,88,2016,B,5/3/2020 15:40,2020-05-03T15:40:00Z,81,438,2020-05-26T00:00:00.000-00:00,05,27,1525,54442,54442,1552,54442,5,11,96705602a38f9219973e562b2798836223a551f8
20200505,AR,3496,51139,,89,453,,,16,89,2041,B,5/5/2020 16:10,2020-05-05T16:10:00Z,83,453,2020-05-26T00:00:00.000-00:00,05,38,155,54635,54635,193,54635,2,15,a1271ede61988e8b5c6392522c1c8cddb1e46f50
20200506,AR,3568,55435,,69,453,,,14,89,2109,B,5/6/2020 14:42,2020-05-06T14:42:00Z,85,453,2020-05-26T00:00:00.000-00:00,05,72,4296,59003,59003,4368,59003,2,0,7a3fd311b3ee1025276d68e61c40165d96355b5a
20200507,AR,3611,56384,,69,462,,,14,93,2123,B,5/7/2020 09:43,2020-05-07T09:43:00Z,87,462,2020-05-26T00:00:00.000-00:00,05,43,949,59995,59995,992,59995,2,9,07519e50f7e00b9015dd74cbcc8098fbb48b3a91
20200508,AR,3694,60300,,70,466,,,14,93,2159,B,5/8/2020 08:15,2020-05-08T08:15:00Z,88,466,2020-05-26T00:00:00.000-00:00,05,83,3916,63994,63994,3999,63994,1,4,1aa40f9aae9abfb69cd00da3f12d0dc1f67bc3e1
20200509,AR,3747,61781,,64,471,,,14,96,2968,B,5/9/2020 10:15,2020-05-09T10:15:00Z,88,471,2020-05-26T00:00:00.000-00:00,05,53,1481,65528,65528,1534,65528,0,5,0c969af13c0a10da309b3a6bfea49df2022baa15
20200510,AR,3747,61781,,64,471,,,14,96,2968,B,5/10/2020 10:15,2020-05-10T10:15:00Z,88,471,2020-05-26T00:00:00.000-00:00,05,0,0,65528,65528,0,65528,0,0,dd1fa5b9fa10957df42e28e9f47b0dbaf5533d82
20200511,AR,4034,64996,,61,480,,,11,98,3149,A,5/10/2020 19:05,2020-05-10T19:05:00Z,94,480,2020-05-26T00:00:00.000-00:00,05,287,3215,69030,69030,3502,69030,6,9,9bd342dcd7371e8931529b16494de4d41292ce21
20200512,AR,4164,66280,,59,485,,,12,98,3220,A,5/11/2020 18:55,2020-05-11T18:55:00Z,95,485,2020-05-26T00:00:00.000-00:00,05,130,1284,70444,70444,1414,70444,1,5,a883d0c617c717e36e69c85b32f08defda067aa2
20200513,AR,4164,69051,,59,497,,,12,99,3220,A,5/12/2020 18:33,2020-05-12T18:33:00Z,95,497,2020-05-26T00:00:00.000-00:00,05,0,2771,73215,73215,2771,73215,0,12,b1b0d6e8a624c45c1725ed3d0ca1de89d6789879
20200514,AR,4236,71582,,64,509,,,13,100,3277,A,5/14/2020 08:20,2020-05-14T08:20:00Z,97,509,2020-05-26T00:00:00.000-00:00,05,72,2531,75818,75818,2603,75818,2,12,3f56cb86413cce2a88a5277436ec9151236c3a39
20200515,AR,4463,77066,,65,520,,,9,101,3390,A,5/15/2020 16:20,2020-05-15T16:20:00Z,98,520,2020-05-26T00:00:00.000-00:00,05,227,5484,81529,81529,5711,81529,1,11,1e6843d229e68108bf03e227405f761fe3984429
20200516,AR,4578,77066,,65,520,,,10,101,3472,A,5/15/2020 16:20,2020-05-15T16:20:00Z,98,520,2020-05-26T00:00:00.000-00:00,05,115,0,81644,81644,115,81644,0,0,4c3e77047cb9848155fe818930a9714a6beb785d
20200517,AR,4759,80426,,65,520,,,9,101,3590,A,5/17/2020 00:00,2020-05-17T00:00:00Z,98,520,2020-05-26T00:00:00.000-00:00,05,181,3360,85185,85185,3541,85185,0,0,fd7d44b47a36ba3387e3a12d684925369880d46e
20200518,AR,4813,80426,,77,530,,,12,101,3645,A,5/18/2020 00:00,2020-05-18T00:00:00Z,100,530,2020-05-26T00:00:00.000-00:00,05,54,0,85239,85239,54,85239,2,10,fa48cffc5eb89b1c9d1f5c6d4a3636ea41733275
20200519,AR,4923,88778,,78,535,,,14,101,3739,A,5/19/2020 00:00,2020-05-19T00:00:00Z,102,535,2020-05-26T00:00:00.000-00:00,05,110,8352,93701,93701,8462,93701,2,5,ba2405b5c06f6aa04ca9c88ad9d4d53fe16698dc
20200520,AR,5003,91255,,78,535,,,14,101,3852,A,5/20/2020 00:00,2020-05-20T00:00:00Z,107,535,2020-05-26T00:00:00.000-00:00,05,80,2477,96258,96258,2557,96258,5,0,6847bf263fe1dd89d1fd9d28650c9933c7d0b0c5
20200521,AR,5458,93818,,78,535,,,14,101,3915,A,5/21/2020 00:00,2020-05-21T00:00:00Z,110,535,2020-05-26T00:00:00.000-00:00,05,455,2563,99276,99276,3018,99276,3,0,a6e67e9bc67cf6e2ace405f53d56237fbbd02a34
20200522,AR,5612,97435,,86,584,,,14,110,4029,A,5/22/2020 00:00,2020-05-22T00:00:00Z,113,584,2020-05-26T00:00:00.000-00:00,05,154,3617,103047,103047,3771,103047,3,49,d0507ad23f7fb5279134307c375d1c1a0a273721
20200523,AR,5612,97435,,81,590,,,14,111,4029,A,5/23/2020 00:00,2020-05-23T00:00:00Z,113,590,2020-05-26T00:00:00.000-00:00,05,0,0,103047,103047,0,103047,0,6,0563bbc7e867cd0c4a6afbc9d734b126c9d949e0
20200524,AR,5922,102659,,86,598,,,17,111,4148,A,5/24/2020 00:00,2020-05-24T00:00:00Z,116,598,2020-05-26T00:00:00.000-00:00,05,310,5224,108581,108581,5534,108581,3,8,962c20293fb906ab3da3135023983f83f5664809
20200525,AR,6029,105593,,92,605,,,17,111,4249,A,5/25/2020 00:00,2020-05-25T00:00:00Z,117,605,2020-05-26T00:00:00.000-00:00,05,107,2934,111622,111622,3041,111622,1,7,50b06b0244c077dab681716eaaab5ec92d111ba4
