date,state,positive,negative,pending,hospitalizedCurrently,hospitalizedCumulative,inIcuCurrently,inIcuCumulative,onVentilatorCurrently,onVentilatorCumulative,recovered,dataQualityGrade,lastUpdateEt,dateModified,death,hospitalized,dateChecked,fips,positiveIncrease,negativeIncrease,total,totalTestResults,totalTestResultsIncrease,posNeg,deathIncrease,hospitalizedIncrease,hash
20200526,OH,33006,306394,,937,5579,351,1450,232,,,B,5/26/2020 14:00,2020-05-26T14:00:00Z,2002,5579,2020-05-26T00:00:00.000-00:00,39,529,8537,339400,339400,9066,339400,15,68,c7de93dfa4e78d375d7e8c74c77bd6b7e05eda35
20200525,OH,32477,297857,,872,5511,323,1443,211,,,B,5/25/2020 14:00,2020-05-25T14:00:00Z,1987,5511,2020-05-26T00:00:00.000-00:00,39,566,5215,330334,330334,5781,330334,18,35,47ad06a1dc4718456ee522db70a0937708dd5906
20200524,OH,31911,292642,,864,5476,317,1438,205,,,B,5/23/2020 14:00,2020-05-23T14:00:00Z,1969,5476,2020-05-26T00:00:00.000-00:00,39,503,7556,324553,324553,8059,324553,13,39,5d3265fbb0c0c501caced26d58cf7dcce8483787
20200523,OH,31408,285086,,858,5437,333,1429,223,,,B,5/23/2020 14:00,2020-05-23T14:00:00Z,1956,5437,2020-05-26T00:00:00.000-00:00,39,614,8080,316494,316494,8694,316494,84,58,bc3d981734ec3fa169c73f61add8e9ab7032501f
20200522,OH,30794,277006,,879,5379,362,1416,232,,,B,5/22/2020 14:00,2020-05-22T14:00:00Z,1872,5379,2020-05-26T00:00:00.000-00:00,39,627,8095,307800,307800,8722,307800,36,84,f247c0c8c3fa3b7fd11fee1d749302a6e8e3a767
20200521,OH,30167,268911,,892,5295,349,1397,258,,,B,5/21/2020 14:00,2020-05-21T14:00:00Z,1836,5295,2020-05-26T00:00:00.000-00:00,39,731,8819,299078,299078,9550,299078,55,97,815ef9c7bdda8ea392f3aab246316e7c7c2a52e0
20200520,OH,29436,260092,,902,5198,333,1369,248,,,B,5/20/2020 14:00,2020-05-20T14:00:00Z,1781,5198,2020-05-26T00:00:00.000-00:00,39,484,11442,289528,289528,11926,289528,61,81,b5bfae8a7e7a712096cca4b1873db62ef33a8af7
20200519,OH,28952,248650,,913,5117,365,1357,234,,,B,5/19/2020 14:00,2020-05-19T14:00:00Z,1720,5117,2020-05-26T00:00:00.000-00:00,39,498,5255,277602,277602,5753,277602,63,119,92f1627e7c4b1d9df690ffbcd4ab71b49573740f
20200518,OH,28454,243395,,912,4998,367,1328,247,,,B,5/18/2020 14:00,2020-05-18T14:00:00Z,1657,4998,2020-05-26T00:00:00.000-00:00,39,531,6856,271849,271849,7387,271849,32,77,ae3205f200c27207c171f402e619e254b2938397
20200517,OH,27923,236539,,914,4921,343,1305,230,,,B,5/17/2020 14:00,2020-05-17T14:00:00Z,1625,4921,2020-05-26T00:00:00.000-00:00,39,449,17311,264462,264462,17760,264462,15,51,c443bc96b91ea170b50439094a79b2e3e17582d2
20200516,OH,27474,219228,,866,4870,366,1277,251,,,B,5/16/2020 14:00,2020-05-16T14:00:00Z,1610,4870,2020-05-26T00:00:00.000-00:00,39,520,0,246702,246702,520,246702,29,79,6b0222b611ce6e97464c517408551993a37c4996
20200515,OH,26954,219228,,944,4791,370,1277,260,,,B,5/15/2020 14:00,2020-05-15T14:00:00Z,1581,4791,2020-05-26T00:00:00.000-00:00,39,597,12233,246182,246182,12830,246182,47,73,97fbe38dec4ca9d319179ed53f84cef6d1b3cfe9
20200514,OH,26357,206995,,953,4718,360,1268,253,,,B,5/14/2020 14:00,2020-05-14T14:00:00Z,1534,4718,2020-05-26T00:00:00.000-00:00,39,636,6862,233352,233352,7498,233352,51,100,71e783c9ee8048d6c94e771b69a2d5ad45255db7
20200513,OH,25721,200133,,924,4618,353,1248,244,,,B,5/13/2020 14:00,2020-05-13T14:00:00Z,1483,4618,2020-05-26T00:00:00.000-00:00,39,471,7652,225854,225854,8123,225854,47,79,09b29ef6087b01dfa719eeff3be605daa629b8a6
20200512,OH,25250,192481,,1032,4539,401,1232,270,,,B,5/12/2020 14:00,2020-05-12T14:00:00Z,1436,4539,2020-05-26T00:00:00.000-00:00,39,473,6728,217731,217731,7201,217731,79,126,ff632fd1737283de4defff351920062f9437b401
20200511,OH,24777,185753,,1011,4413,391,1217,256,,,B,5/11/2020 14:00,2020-05-11T14:00:00Z,1357,4413,2020-05-26T00:00:00.000-00:00,39,696,4972,210530,210530,5668,210530,16,62,54ecae860d9d25642363f5d0f742eeb048f107e9
20200510,OH,24081,180781,,962,4351,381,1205,254,,,B,5/10/2020 14:00,2020-05-10T14:00:00Z,1341,4351,2020-05-26T00:00:00.000-00:00,39,384,7808,204862,204862,8192,204862,10,51,7e948c5890a4a970f075bdf9a446733fff8e689e
20200509,OH,23697,172973,,929,4300,368,1200,222,,,B,5/9/2020 14:00,2020-05-09T14:00:00Z,1331,4300,2020-05-26T00:00:00.000-00:00,39,681,11673,196670,196670,12354,196670,25,82,03488328a15369ccd749251adc58f12dc0347a14
20200508,OH,23016,161300,,1060,4218,393,1188,274,,,B,5/8/2020 14:00,2020-05-08T14:00:00Z,1306,4218,2020-05-26T00:00:00.000-00:00,39,885,7372,184316,184316,8257,184316,35,78,7438a88035f9f5b8ae0c7c07455683f0e658f9fd
20200507,OH,22131,153928,,1057,4140,418,1167,279,,,B,5/7/2020 14:00,2020-05-07T14:00:00Z,1271,4140,2020-05-26T00:00:00.000-00:00,39,555,6575,176059,176059,7130,176059,46,88,c9c19f379b5aa2ea3156d6e85679b2fc5a7dee3a
20200506,OH,21576,147353,,1045,4052,407,1151,275,,,B,5/6/2020 14:00,2020-05-06T14:00:00Z,1225,4052,2020-05-26T00:00:00.000-00:00,39,607,7587,168929,168929,8194,168929,90,96,078a7ad262a471e60275af969b19f68b45dd9d3c
20200505,OH,20969,139766,,1069,3956,402,1123,281,,,B,5/5/2020 14:00,2020-05-05T14:00:00Z,1135,3956,2020-05-26T00:00:00.000-00:00,39,495,5085,160735,160735,5580,160735,79,147,c295176c1b28753f6382fce42fdec352f7a47165
20200504,OH,20474,134681,,1078,3809,412,1090,275,,,B,5/4/2020 14:00,2020-05-04T14:00:00Z,1056,3809,2020-05-26T00:00:00.000-00:00,39,560,4429,155155,155155,4989,155155,18,40,439869b919d4dc6dc38594f77f4e49de75d32e98
20200503,OH,19914,130252,,931,3769,393,1078,255,,,B,5/3/2020 14:00,2020-05-03T14:00:00Z,1038,3769,2020-05-26T00:00:00.000-00:00,39,579,3768,150166,150166,4347,150166,17,57,ff72c75741d876c4e9d317f91b18309dc2e56910
20200502,OH,19335,126484,,1003,3712,424,1066,267,,,B,5/2/2020 14:00,2020-05-02T14:00:00Z,1021,3712,2020-05-26T00:00:00.000-00:00,39,592,4721,145819,145819,5313,145819,19,78,7d9b1dad7c39000aee184b197a9d640c844baa73
20200501,OH,18743,121763,,,3634,,1056,,,,B,5/1/2020 14:00,2020-05-01T14:00:00Z,1002,3634,2020-05-26T00:00:00.000-00:00,39,716,5900,140506,140506,6616,140506,27,101,2b340efa51046868a31b831224b5fd1905a8b4f6
20200430,OH,18027,115863,,,3533,,1035,,,,B,4/30/2020 14:00,2020-04-30T14:00:00Z,975,3533,2020-05-26T00:00:00.000-00:00,39,724,4258,133890,133890,4982,133890,38,112,6ada2da5c92f90d9eab96cddd44be3af684bd9d5
20200429,OH,17303,111605,,,3421,,1014,,,,B,4/29/2020 14:00,2020-04-29T14:00:00Z,937,3421,2020-05-26T00:00:00.000-00:00,39,1175,5027,128908,128908,6202,128908,138,81,892a2213e6c67d7201c1effad67d66fb6db47e88
20200428,OH,16128,106578,,,3340,,1004,,,,B,4/28/2020 14:00,2020-04-28T14:00:00Z,799,3340,2020-05-26T00:00:00.000-00:00,39,429,2886,122706,122706,3315,122706,46,108,32903924dc43677dcfe65ce2d9868442f401f320
20200427,OH,15699,103692,,,3232,,978,,,,B,4/27/2020 14:00,2020-04-27T14:00:00Z,753,3232,2020-05-26T00:00:00.000-00:00,39,-264,3269,119391,119391,3005,119391,25,54,952da88f7a95b578afc27653fb1eb9b713acc9a6
20200426,OH,15963,100423,,,3178,,952,,,,B,4/26/2020 14:00,2020-04-26T14:00:00Z,728,3178,2020-05-26T00:00:00.000-00:00,39,376,4027,116386,116386,4403,116386,17,63,7db7e5471ba0335686b8efd98ff6947b46936517
20200425,OH,15587,96396,,,3115,,938,,,,B,4/25/2020 14:00,2020-04-25T14:00:00Z,711,3115,2020-05-26T00:00:00.000-00:00,39,418,3868,111983,111983,4286,111983,21,62,2e97e1e9efcad47874f092d93c6920a4c24aedcd
20200424,OH,15169,92528,,,3053,,920,,,,B,4/24/2020 14:00,2020-04-24T14:00:00Z,690,3053,2020-05-26T00:00:00.000-00:00,39,475,4345,107697,107697,4820,107697,34,93,ee298397341253c2c902a3748681babca9d5d974
20200423,OH,14694,88183,,,2960,,900,,,,B,4/23/2020 14:00,2020-04-23T14:00:00Z,656,2960,2020-05-26T00:00:00.000-00:00,39,577,3794,102877,102877,4371,102877,46,78,18c5ab83fcd8a5d11aee7f15268b6d8213ae0c5e
20200422,OH,14117,84389,,,2882,,880,,,,B,4/22/2020 14:00,2020-04-22T14:00:00Z,610,2882,2020-05-26T00:00:00.000-00:00,39,392,3400,98506,98506,3792,98506,53,103,b8fff7a164556ff29d7a59e637a01d56bf64a44f
20200421,OH,13725,80989,,,2779,,838,,,,B,4/21/2020 14:00,2020-04-21T14:00:00Z,557,2779,2020-05-26T00:00:00.000-00:00,39,806,3069,94714,94714,3875,94714,48,126,fd36b30c141c57d923ad1092ddc191adb1d99c43
20200420,OH,12919,77920,,,2653,,798,,,,B,4/20/2020 14:00,2020-04-20T14:00:00Z,509,2653,2020-05-26T00:00:00.000-00:00,39,1317,2223,90839,90839,3540,90839,38,88,31b83b95b515f97b0a12df53583ff4980d0afe13
20200419,OH,11602,75697,,,2565,,765,,,,B,4/19/2020 14:00,2020-04-19T14:00:00Z,471,2565,2020-05-26T00:00:00.000-00:00,39,1380,6878,87299,87299,8258,87299,20,46,ba629fc4eb3d18f71236f52a0fa313043d80b1ff
20200418,OH,10222,68819,,,2519,,760,,,,B,4/18/2020 14:00,2020-04-18T14:00:00Z,451,2519,2020-05-26T00:00:00.000-00:00,39,1115,0,79041,79041,1115,79041,33,95,5d44e7c7f3a41e0b981c5e5dc9ae78362a178d5c
20200417,OH,9107,68819,,,2424,,740,,,,B,4/17/2020 14:00,2020-04-17T14:00:00Z,418,2424,2020-05-26T00:00:00.000-00:00,39,693,2393,77926,77926,3086,77926,29,93,03c4bf240d95273a7f807824d17f0fc648f8e227
20200416,OH,8414,66426,,,2331,,707,,,,B,4/16/2020 14:00,2020-04-16T14:00:00Z,389,2331,2020-05-26T00:00:00.000-00:00,39,623,2665,74840,74840,3288,74840,28,94,a2ea8d5a5a5c3d0434b08ce0e9efd1e9360ad4a1
20200415,OH,7791,63761,,,2237,,677,,,,B,4/15/2020 14:00,2020-04-15T14:00:00Z,361,2237,2020-05-26T00:00:00.000-00:00,39,511,3040,71552,71552,3551,71552,37,81,bd08e5e79e093fb350554099fe8b171570e6939e
20200414,OH,7280,60721,,,2156,,654,,,,B,4/14/2020 14:00,2020-04-14T14:00:00Z,324,2156,2020-05-26T00:00:00.000-00:00,39,305,2584,68001,68001,2889,68001,50,123,b3ed56329b362ac1c21e3abee75b111728e8f7d4
20200413,OH,6975,58137,,,2033,,613,,,,B,4/13/2020 14:00,2020-04-13T14:00:00Z,274,2033,2020-05-26T00:00:00.000-00:00,39,371,1498,65112,65112,1869,65112,21,85,54cc0fd35bbaa8351e16f65b54dc559018a8b8fd
20200412,OH,6604,56639,,,1948,,595,,,,B,4/12/2020 14:00,2020-04-12T14:00:00Z,253,1948,2020-05-26T00:00:00.000-00:00,39,354,2418,63243,63243,2772,63243,6,89,776911806b5685e4d3b6096721b69bfa4e717296
20200411,OH,6250,54221,,,1859,,572,,,,B,4/11/2020 14:00,2020-04-11T14:00:00Z,247,1859,2020-05-26T00:00:00.000-00:00,39,372,1526,60471,60471,1898,60471,16,104,8c55b1323378d6533097a23e6da54f7772d89607
20200410,OH,5878,52695,,,1755,,548,,,,B,4/10/2020 14:00,2020-04-10T14:00:00Z,231,1755,2020-05-26T00:00:00.000-00:00,39,366,2222,58573,58573,2588,58573,18,143,c1a8b41d260b82f79eec17c66067643b9a0e2a34
20200409,OH,5512,50473,,,1612,,497,,,,B,4/9/2020 14:00,2020-04-09T14:00:00Z,213,1612,2020-05-26T00:00:00.000-00:00,39,364,2280,55985,55985,2644,55985,20,117,7ea17eb8cd7d1966fc3b37a5b30d176f5f6fefb1
20200408,OH,5148,48193,,,1495,,472,,,,B,4/8/2020 14:00,2020-04-08T14:00:00Z,193,1495,2020-05-26T00:00:00.000-00:00,39,366,2137,53341,53341,2503,53341,26,141,8e0d26c34ccab2ae7bd770446040a017c63bf6cb
20200407,OH,4782,46056,,,1354,,417,,,,B,4/7/2020 14:00,2020-04-07T14:00:00Z,167,1354,2020-05-26T00:00:00.000-00:00,39,332,2128,50838,50838,2460,50838,25,140,f10260acbc8ecf02abeb267fff395890b4315a58
20200406,OH,4450,43928,,,1214,,371,,,,B,4/6/2020 14:00,2020-04-06T14:00:00Z,142,1214,2020-05-26T00:00:00.000-00:00,39,407,4215,48378,48378,4622,48378,23,110,2966bd7b50e096cca9e699a5218fd7c3caa4b0da
20200405,OH,4043,39713,,,1104,,346,,,,B,4/5/2020 14:00,2020-04-05T14:00:00Z,119,1104,2020-05-26T00:00:00.000-00:00,39,304,1581,43756,43756,1885,43756,17,98,45b4e01e9332b9099d46feb04692cd311dd1495b
20200404,OH,3739,38132,,,1006,,326,,,,B,4/4/2020 14:00,2020-04-04T14:00:00Z,102,1006,2020-05-26T00:00:00.000-00:00,39,427,3069,41871,41871,3496,41871,11,111,30e20b65a74eac69a05d8c61dc81ffa658ce03e5
20200403,OH,3312,35063,,,895,,288,,,,B,4/3/2020 14:00,2020-04-03T14:00:00Z,91,895,2020-05-26T00:00:00.000-00:00,39,410,3047,38375,38375,3457,38375,10,93,156d284f90be6f2845f725c60804a5bc7ef7f569
20200402,OH,2902,32016,,,802,,260,,,,B,4/2/2020 14:00,2020-04-02T14:00:00Z,81,802,2020-05-26T00:00:00.000-00:00,39,355,5024,34918,34918,5379,34918,16,123,70132ddf19104cea7da0ad50f1828ac379741681
20200401,OH,2547,26992,,,679,,222,,,,B,4/1/2020 14:00,2020-04-01T14:00:00Z,65,679,2020-05-26T00:00:00.000-00:00,39,348,0,29539,29539,348,29539,10,94,83e37f10d0051197da4debe8da3b4ca3c6208708
20200331,OH,2199,26992,,,585,,198,,,,B,3/31/2020 14:00,2020-03-31T14:00:00Z,55,585,2020-05-26T00:00:00.000-00:00,39,266,1650,29191,29191,1916,29191,16,110,f449b147a768e9cb59fa1353558bf2d588236cec
20200330,OH,1933,25342,,,475,,163,,,,B,3/30/2020 14:00,2020-03-30T14:00:00Z,39,475,2020-05-26T00:00:00.000-00:00,39,280,6330,27275,27275,6610,27275,10,72,57c96df59c31ab250249ec2e45e9c5b9b204668b
20200329,OH,1653,19012,,,403,,139,,,,B,3/29/2020 14:00,2020-03-29T14:00:00Z,29,403,2020-05-26T00:00:00.000-00:00,39,247,0,20665,20665,247,20665,4,59,17bebe50c86f2fa704a80a4ee57413e3a49c1ccd
20200328,OH,1406,19012,,,344,,123,,,,B,3/28/2020 14:00,2020-03-28T14:00:00Z,25,344,2020-05-26T00:00:00.000-00:00,39,269,0,20418,20418,269,20418,6,68,04a6cc3efbc74998b2bc23d6fb30c4d533af5f53
20200327,OH,1137,19012,,,276,,107,,,,B,3/27/2020 14:00,2020-03-27T14:00:00Z,19,276,2020-05-26T00:00:00.000-00:00,39,270,2563,20149,20149,2833,20149,4,53,411dc1e25c40eab61b0cf63d2b2be21b2cb2f77f
20200326,OH,867,16449,,,223,,91,,,,B,3/26/2020 14:00,2020-03-26T14:00:00Z,15,223,2020-05-26T00:00:00.000-00:00,39,163,2389,17316,17316,2552,17316,5,41,272c92e0a1b187450f4211c07350a3cf191ed428
20200325,OH,704,14060,,,182,,74,,,,B,3/25/2020 14:00,2020-03-25T14:00:00Z,10,182,2020-05-26T00:00:00.000-00:00,39,140,13920,14764,14764,14060,14764,2,37,05e78939182258120a9ad91e69ace959e1c4cf13
20200324,OH,564,140,,,145,,,,,,D,3/24/2020 14:00,2020-03-24T14:00:00Z,8,145,2020-05-26T00:00:00.000-00:00,39,122,0,704,704,122,704,2,41,7990d3cd1ff8d926b1b3410ebbee699a76e8c24b
20200323,OH,442,140,,,104,,,,,,D,3/23/2020 14:00,2020-03-23T14:00:00Z,6,104,2020-05-26T00:00:00.000-00:00,39,91,0,582,582,91,582,3,21,afc74847beccc3b6c5480bcfb9b625e76d71f8f7
20200322,OH,351,140,,,83,,,,,,,3/20/2020 14:00,2020-03-20T14:00:00Z,3,83,2020-05-26T00:00:00.000-00:00,39,104,0,491,491,104,491,0,25,0dcd42477c9b89f77dfcd88b05c60ea22be1edf6
20200321,OH,247,140,,,58,,,,,,,3/21/2020 14:00,2020-03-21T14:00:00Z,3,58,2020-05-26T00:00:00.000-00:00,39,78,0,387,387,78,387,2,58,b5fff50ac19632ae479ca2f82be5b20997c27ded
20200320,OH,169,140,,,,,,,,,,3/20/2020 14:00,2020-03-20T14:00:00Z,1,,2020-05-26T00:00:00.000-00:00,39,50,0,309,309,50,309,1,0,47a42d7164711ea258f25b168553f61484003f05
20200319,OH,119,140,,,,,,,,,,3/19/2020 14:00,2020-03-19T14:00:00Z,,,2020-05-26T00:00:00.000-00:00,39,31,0,259,259,31,259,0,0,945bea2ed3f26a876b7b58103cd78435691b2438
20200318,OH,88,140,,,,,,,,,,3/18/2020 15:00,2020-03-18T15:00:00Z,,,2020-05-26T00:00:00.000-00:00,39,21,0,228,228,21,228,0,0,e2246b6bf16bf8be95b218941c8a7e444170d405
20200317,OH,67,140,,,,,,,,,,3/17/2020 15:00,2020-03-17T15:00:00Z,,,2020-05-26T00:00:00.000-00:00,39,17,0,207,207,17,207,0,0,72a7609d2bc395d7670b26253c9f36ca0d26dc37
20200316,OH,50,140,361,,,,,,,,,3/16/2020 15:36,2020-03-16T15:36:00Z,,,2020-05-26T00:00:00.000-00:00,39,14,1,551,190,15,190,0,0,eef0af7bec8edf1ea7d43fc521397351742838b8
20200315,OH,36,139,350,,,,,,,,,3/15/2020 14:00,2020-03-15T14:00:00Z,,,2020-05-26T00:00:00.000-00:00,39,23,89,525,175,112,175,0,0,0bacd0a2883e2483e7aa0b6a6ba291607496fc7e
20200314,OH,13,50,159,,,,,,,,,3/13/2020 14:00,2020-03-13T14:00:00Z,,,2020-05-26T00:00:00.000-00:00,39,0,0,222,63,0,63,0,0,a8b0209c94872cc8771d156925ce340817a1f69f
20200313,OH,13,50,159,,,,,,,,,3/13/2020 15:00,2020-03-13T15:00:00Z,,,2020-05-26T00:00:00.000-00:00,39,8,20,222,63,28,63,0,0,7c2fcb0d88f10e15b4836efeee4f87e8100242f6
20200312,OH,5,30,52,,,,,,,,,3/12/2020 14:00,2020-03-12T14:00:00Z,,,2020-05-26T00:00:00.000-00:00,39,1,9,87,35,10,35,0,0,23a42ad57fddd37b50795b9cdf7e2729d0e55aa4
20200311,OH,4,21,24,,,,,,,,,,Invalid DateTime,,,2020-05-26T00:00:00.000-00:00,39,1,7,49,25,8,25,0,0,acaf91a8cc375f69e17c4ce00bd79daef0828e20
20200310,OH,3,14,15,,,,,,,,,,Invalid DateTime,,,2020-05-26T00:00:00.000-00:00,39,0,3,32,17,3,17,0,0,9772ef144f6de2d1c8a742aa9f25439b5e4fe0fc
20200309,OH,3,11,5,,,,,,,,,,Invalid DateTime,,,2020-05-26T00:00:00.000-00:00,39,3,1,19,14,4,14,0,0,5b2468cab27b353fe730a9e85432f046fbf70add
20200308,OH,0,10,4,,,,,,,,,,Invalid DateTime,,,2020-05-26T00:00:00.000-00:00,39,0,1,14,10,1,10,0,0,b6ba4f67558bb9cd50674649faa38143799647e9
20200307,OH,0,9,5,,,,,,,,,,Invalid DateTime,,,2020-05-26T00:00:00.000-00:00,39,0,1,14,9,1,9,0,0,0b634e72d7298ab2e41afd8746898bc55e6a2dbb
20200306,OH,0,8,2,,,,,,,,,,Invalid DateTime,,,2020-05-26T00:00:00.000-00:00,39,0,1,10,8,1,8,0,0,b810f58065f22f782f2c0fd025c26dd9ce38a0df
20200305,OH,0,7,3,,,,,,,,,,Invalid DateTime,,,2020-05-26T00:00:00.000-00:00,39,0,0,10,7,0,7,0,0,cae4f2c781b21645f378ec4689d9e5031b21f8d7
