date,state,positive,negative,pending,hospitalizedCurrently,hospitalizedCumulative,inIcuCurrently,inIcuCumulative,onVentilatorCurrently,onVentilatorCumulative,recovered,dataQualityGrade,lastUpdateEt,dateModified,death,hospitalized,dateChecked,fips,positiveIncrease,negativeIncrease,total,totalTestResults,totalTestResultsIncrease,posNeg,deathIncrease,hospitalizedIncrease,hash
20200304,AZ,2,27,5,,,,,,,,,,Invalid DateTime,,,2020-05-26T00:00:00.000-00:00,04,0,0,34,29,0,29,0,0,fee31a8224cff00ab633533036347f8760b7fc4e
20200305,AZ,2,28,6,,,,,,,,,,Invalid DateTime,,,2020-05-26T00:00:00.000-00:00,04,0,1,36,30,1,30,0,0,786a81d244a1a353a995021a7e57b84f93542003
20200306,AZ,3,33,15,,,,,,,,,,Invalid DateTime,,,2020-05-26T00:00:00.000-00:00,04,1,5,51,36,6,36,0,0,a93a75c37ba8f03fc82c44e413935187f5b5a324
20200307,AZ,5,44,7,,,,,,,,,,Invalid DateTime,,,2020-05-26T00:00:00.000-00:00,04,2,11,56,49,13,49,0,0,95dc4ec4cc4d22e86cb753f5cf23824412e690a0
20200308,AZ,5,44,7,,,,,,,,,,Invalid DateTime,,,2020-05-26T00:00:00.000-00:00,04,0,0,56,49,0,49,0,0,76a65bd3f8fefacb21473ba7789ee03469973f0a
20200309,AZ,5,44,7,,,,,,,,,,Invalid DateTime,,,2020-05-26T00:00:00.000-00:00,04,0,0,56,49,0,49,0,0,16a80cb2c96b80f39dae36c3be7fa74f83d287d1
20200310,AZ,6,51,27,,,,,,,,,,Invalid DateTime,,,2020-05-26T00:00:00.000-00:00,04,1,7,84,57,8,57,0,0,8d77b6a51f7cc902bfbc2e8442b62dbd591b560a
20200311,AZ,9,59,32,,,,,,,,,,Invalid DateTime,,,2020-05-26T00:00:00.000-00:00,04,3,8,100,68,11,68,0,0,87de21554c2b64f48026e986d64488f0722633a1
20200312,AZ,9,82,24,,,,,,,,,3/12/2020 12:00,2020-03-12T12:00:00Z,,,2020-05-26T00:00:00.000-00:00,04,0,23,115,91,23,91,0,0,5611b9e3bb4e2a901577c5135aeeb2b4d97b1f0a
20200313,AZ,9,94,40,,,,,,,,,3/13/2020 12:01,2020-03-13T12:01:00Z,0,,2020-05-26T00:00:00.000-00:00,04,0,12,143,103,12,103,0,0,1318b37b0d4a02c20037272fbfd2d3c37c895a18
20200314,AZ,12,121,50,,,,,,,,,3/14/2020 12:01,2020-03-14T12:01:00Z,0,,2020-05-26T00:00:00.000-00:00,04,3,27,183,133,30,133,0,0,17c745db7db5626be217a4db939f6c8ee2dfa653
20200315,AZ,12,121,50,,,,,,,,,3/15/2020 12:01,2020-03-15T12:01:00Z,0,,2020-05-26T00:00:00.000-00:00,04,0,0,183,133,0,133,0,0,42d05f51f91034748bd3f9741d7a337405c26da4
20200316,AZ,18,125,63,,,,,,,,,3/16/2020 16:16,2020-03-16T16:16:00Z,0,,2020-05-26T00:00:00.000-00:00,04,6,4,206,143,10,143,0,0,b2d83a6b462ee0add879ac6dcbc2c543c2a6f322
20200317,AZ,20,142,66,,,,,,,,,3/17/2020 00:00,2020-03-17T00:00:00Z,0,,2020-05-26T00:00:00.000-00:00,04,2,17,228,162,19,162,0,0,d15d542b33302f6184dd40b0f563587860384215
20200318,AZ,28,148,102,,,,,,,,,3/18/2020 00:00,2020-03-18T00:00:00Z,0,,2020-05-26T00:00:00.000-00:00,04,8,6,278,176,14,176,0,0,34b1aebfbc2b42b1685eceaf10bb5d6656eff0b8
20200319,AZ,44,175,130,,,,,,,,,3/19/2020 00:00,2020-03-19T00:00:00Z,0,,2020-05-26T00:00:00.000-00:00,04,16,27,349,219,43,219,0,0,160a342fcf22cbbe4e7dda4bed4fe4a23d4f7741
20200320,AZ,65,211,101,,,,,,,,,3/20/2020 00:00,2020-03-20T00:00:00Z,0,,2020-05-26T00:00:00.000-00:00,04,21,36,377,276,57,276,0,0,f19f67cd24fbadcadfe89739a2ee92d1054ebe30
20200321,AZ,104,240,122,,,,,,,,,3/21/2020 00:00,2020-03-21T00:00:00Z,1,,2020-05-26T00:00:00.000-00:00,04,39,29,466,344,68,344,1,0,359895d5e74cea6816069f538ac2926593e91e53
20200322,AZ,152,282,87,,,,,,,,,3/22/2020 00:00,2020-03-22T00:00:00Z,2,,2020-05-26T00:00:00.000-00:00,04,48,42,521,434,90,434,1,0,25486bf49836f6c0cf5b484815e03d48df0471c7
20200323,AZ,265,309,6,,,,,,,,B,3/23/2020 00:00,2020-03-23T00:00:00Z,2,,2020-05-26T00:00:00.000-00:00,04,113,27,580,574,140,574,0,0,c00e0fc822755281f2038eba7b4e308aff53b6a0
20200324,AZ,357,313,22,,,,,,,,B,3/24/2020 00:00,2020-03-24T00:00:00Z,5,,2020-05-26T00:00:00.000-00:00,04,92,4,692,670,96,670,3,0,d3ae2af6000bfe39807621224efc6c8e0f3674a8
20200325,AZ,450,323,53,,,,,,,,B,3/24/2020 00:00,2020-03-24T00:00:00Z,6,,2020-05-26T00:00:00.000-00:00,04,93,10,826,773,103,773,1,0,1e5e9a7b7f6f28ad992b5c40167ea9febd2d2ed0
20200326,AZ,577,347,33,,,,,,,,B,3/26/2020 00:00,2020-03-26T00:00:00Z,8,,2020-05-26T00:00:00.000-00:00,04,127,24,957,924,151,924,2,0,57111ee0aecaf5f28118eae365432b4d94df56b8
20200327,AZ,736,7455,30,,,,,,,,B,3/27/2020 00:00,2020-03-27T00:00:00Z,13,,2020-05-26T00:00:00.000-00:00,04,159,7108,8221,8191,7267,8191,5,0,70f631ba5b60f69e3ceed6b2cab3e433619943f8
20200328,AZ,873,7455,21,,,,,,,,B,3/28/2020 00:00,2020-03-28T00:00:00Z,15,,2020-05-26T00:00:00.000-00:00,04,137,0,8349,8328,137,8328,2,0,2e0027cdcc5c6840c864d8b45fba15814a77bca4
20200329,AZ,919,12953,,,,,,,,,B,3/29/2020 00:00,2020-03-29T00:00:00Z,17,,2020-05-26T00:00:00.000-00:00,04,46,5498,13872,13872,5544,13872,2,0,1b70d04d47867468102fd8c36a1b4441736bbf16
20200330,AZ,1157,15602,,,,,,,,,B,3/30/2020 00:00,2020-03-30T00:00:00Z,20,,2020-05-26T00:00:00.000-00:00,04,238,2649,16759,16759,2887,16759,3,0,66ecb2b90aa62aec83a785dfd0e3797de8320aa9
20200331,AZ,1289,18082,,,,,,,,,B,3/31/2020 00:00,2020-03-31T00:00:00Z,24,,2020-05-26T00:00:00.000-00:00,04,132,2480,19371,19371,2612,19371,4,0,dc215c28a14ed854fe6173ca2e8a7e4f9b032e7f
20200401,AZ,1413,19645,,,,,,,,,B,4/1/2020 00:00,2020-04-01T00:00:00Z,29,,2020-05-26T00:00:00.000-00:00,04,124,1563,21058,21058,1687,21058,5,0,4ed23e2921ac51e0459a5b487467aa0825a61d59
20200402,AZ,1598,21111,,,,,,,,,B,4/2/2020 00:00,2020-04-02T00:00:00Z,32,,2020-05-26T00:00:00.000-00:00,04,185,1466,22709,22709,1651,22709,3,0,11e32ac13f2d9b03ff3c068abd634853559b5cd7
20200403,AZ,1769,22904,,,,,,,,,B,4/3/2020 00:00,2020-04-03T00:00:00Z,41,,2020-05-26T00:00:00.000-00:00,04,171,1793,24673,24673,1964,24673,9,0,f2334bba3ce8b73d35a90cfb50477d08d88a160b
20200404,AZ,2019,25141,,,,,,,,,B,4/4/2020 00:00,2020-04-04T00:00:00Z,52,,2020-05-26T00:00:00.000-00:00,04,250,2237,27160,27160,2487,27160,11,0,3ff7fc0073e265d4d19752dc02acedc0194787cf
20200405,AZ,2269,25141,,,,,,,,,B,4/5/2020 00:00,2020-04-05T00:00:00Z,64,,2020-05-26T00:00:00.000-00:00,04,250,0,27410,27410,250,27410,12,0,b44171176c1270bf8bddaac3d83f18a1dc5f0632
20200406,AZ,2456,30078,,,,,,,,,B,4/6/2020 00:00,2020-04-06T00:00:00Z,65,,2020-05-26T00:00:00.000-00:00,04,187,4937,32534,32534,5124,32534,1,0,c5b30c5f33fac936b8a22ad9223d8d8c324fd882
20200407,AZ,2575,30800,,,,,,,,,B,4/7/2020 00:00,2020-04-07T00:00:00Z,73,,2020-05-26T00:00:00.000-00:00,04,119,722,33375,33375,841,33375,8,0,a5c86ae977ffe63205bf7a78dfd10d2ec4f9c339
20200408,AZ,2726,31838,,,,,,,,,B,4/8/2020 00:00,2020-04-08T00:00:00Z,80,,2020-05-26T00:00:00.000-00:00,04,151,1038,34564,34564,1189,34564,7,0,1a3b5c26bfdab5a7228a23358768c6df0bbe5daf
20200409,AZ,3018,34160,,,,,,,,,B,4/9/2020 00:00,2020-04-09T00:00:00Z,89,,2020-05-26T00:00:00.000-00:00,04,292,2322,37178,37178,2614,37178,9,0,f6f02fcea91e22191225834cbcfb07e9e53bf07c
20200410,AZ,3112,34622,,,,,,,,,B,4/10/2020 00:00,2020-04-10T00:00:00Z,97,,2020-05-26T00:00:00.000-00:00,04,94,462,37734,37734,556,37734,8,0,a96c48acee32ba3940c875b1ba20dbcf0ad8c491
20200411,AZ,3393,37137,,,,,,,,,B,4/11/2020 00:00,2020-04-11T00:00:00Z,108,,2020-05-26T00:00:00.000-00:00,04,281,2515,40530,40530,2796,40530,11,0,e6d97ea0a1da2fa0c49aaa5122422a0cf7c70448
20200412,AZ,3539,38570,,,,,,,,,B,4/12/2020 00:00,2020-04-12T00:00:00Z,115,,2020-05-26T00:00:00.000-00:00,04,146,1433,42109,42109,1579,42109,7,0,e79821c75298bd74ae2e078bd3ae8f3546553b8e
20200413,AZ,3702,39645,,525,,286,,195,,,B,4/13/2020 00:00,2020-04-13T00:00:00Z,122,,2020-05-26T00:00:00.000-00:00,04,163,1075,43347,43347,1238,43347,7,0,8a30adbaa3419a5494358bacab406c3d7fc2b19f
20200414,AZ,3806,40290,,580,,286,,216,,249,B,4/14/2020 00:00,2020-04-14T00:00:00Z,131,,2020-05-26T00:00:00.000-00:00,04,104,645,44096,44096,749,44096,9,0,aa5bb4e720a2b5a139cf7a4c745c24cc69863d89
20200415,AZ,3962,41348,,590,,286,,202,,385,B,4/15/2020 00:00,2020-04-15T00:00:00Z,142,,2020-05-26T00:00:00.000-00:00,04,156,1058,45310,45310,1214,45310,11,0,1582289c7259b26c18d6745726954626aa17595c
20200416,AZ,4234,43164,,578,,278,,188,,460,B,4/16/2020 00:00,2020-04-16T00:00:00Z,150,,2020-05-26T00:00:00.000-00:00,04,272,1816,47398,47398,2088,47398,8,0,a89e015a26e2c356d39d3599a316efbfb0ee7034
20200417,AZ,4507,44723,,566,,285,,178,,539,B,4/17/2020 00:00,2020-04-17T00:00:00Z,169,,2020-05-26T00:00:00.000-00:00,04,273,1559,49230,49230,1832,49230,19,0,a6dcec562135c9ffe00f7b81e1ee6675553c9466
20200418,AZ,4719,46326,,566,,285,,178,,539,B,4/18/2020 00:00,2020-04-18T00:00:00Z,177,,2020-05-26T00:00:00.000-00:00,04,212,1603,51045,51045,1815,51045,8,0,c0adb61583714eb04a39b1796e909fbad8f2ec89
20200419,AZ,4929,48061,,631,,283,,187,,994,B,4/19/2020 00:00,2020-04-19T00:00:00Z,184,,2020-05-26T00:00:00.000-00:00,04,210,1735,52990,52990,1945,52990,7,0,0b3d0fec96d6451ff88ffec42fc512a11fbfe8ae
20200420,AZ,5064,49436,,637,,285,,181,,1155,B,4/20/2020 00:00,2020-04-20T00:00:00Z,187,,2020-05-26T00:00:00.000-00:00,04,135,1375,54500,54500,1510,54500,3,0,c3033ccc8ff41241eb7a0d8df4f88ccaf3791183
20200421,AZ,5251,49901,,637,,285,,181,,1155,B,4/21/2020 00:00,2020-04-21T00:00:00Z,208,,2020-05-26T00:00:00.000-00:00,04,187,465,55152,55152,652,55152,21,0,4fd5ed07514e0642ea98a5ee7ac428112d916fa0
20200422,AZ,5459,51142,,664,,300,,195,,1265,B,4/22/2020 00:00,2020-04-22T00:00:00Z,229,,2020-05-26T00:00:00.000-00:00,04,208,1241,56601,56601,1449,56601,21,0,4b4f64d61121df6f08e488d6c0b1549351e8d405
20200423,AZ,5769,52928,,699,,305,,201,,1282,B,4/23/2020 00:00,2020-04-23T00:00:00Z,249,,2020-05-26T00:00:00.000-00:00,04,310,1786,58697,58697,2096,58697,20,0,cf70de4a49bc036d2656d8527999ca7d093b8ff4
20200424,AZ,6045,54669,,639,984,332,,186,,1313,B,4/24/2020 00:00,2020-04-24T00:00:00Z,266,984,2020-05-26T00:00:00.000-00:00,04,276,1741,60714,60714,2017,60714,17,984,a98da2fc36413d449211c47c33a0222e9f46983e
20200425,AZ,6280,56228,,697,1022,313,,191,,1345,A+,4/25/2020 00:00,2020-04-25T00:00:00Z,266,1022,2020-05-26T00:00:00.000-00:00,04,235,1559,62508,62508,1794,62508,0,38,924b746747ee916775309a8593443c7010fe14e2
20200426,AZ,6526,58285,,671,1037,308,,200,,1383,A+,4/26/2020 00:00,2020-04-26T00:00:00Z,275,1037,2020-05-26T00:00:00.000-00:00,04,246,2057,64811,64811,2303,64811,9,15,f8d91cbc4c7c0dc8d71d4252a22bef92fa9acbab
20200427,AZ,6716,59827,,647,1051,328,,200,,1418,A+,4/27/2020 00:00,2020-04-27T00:00:00Z,275,1051,2020-05-26T00:00:00.000-00:00,04,190,1542,66543,66543,1732,66543,0,14,cef54e71f9009e3c404e9f5df2967c4990380ea1
20200428,AZ,6948,60490,,737,1095,303,,193,,1450,A+,4/27/2020 00:00,2020-04-27T00:00:00Z,293,1095,2020-05-26T00:00:00.000-00:00,04,232,663,67438,67438,895,67438,18,44,ef1a66286e5d997c1147c4a12bc1e9ff2b6c6e15
20200429,AZ,7202,61611,,756,1131,312,,191,,1475,A+,4/29/2020 00:00,2020-04-29T00:00:00Z,304,1131,2020-05-26T00:00:00.000-00:00,04,254,1121,68813,68813,1375,68813,11,36,52f9d00394ad5a94f520751c561741c1f5549861
20200430,AZ,7648,64138,,755,1169,311,,194,,1499,A+,4/30/2020 00:00,2020-04-30T00:00:00Z,320,1169,2020-05-26T00:00:00.000-00:00,04,446,2527,71786,71786,2973,71786,16,38,c5ca60a7e55a3652b0bc586f342446eaf75d0da9
20200501,AZ,7962,66917,,709,1203,311,,187,,1528,A+,5/1/2020 00:00,2020-05-01T00:00:00Z,330,1203,2020-05-26T00:00:00.000-00:00,04,314,2779,74879,74879,3093,74879,10,34,93c5ee6b2204a3a11932895ec35e067e597f0618
20200502,AZ,8364,69633,,718,1339,291,,198,,1565,A+,5/2/2020 00:00,2020-05-02T00:00:00Z,348,1339,2020-05-26T00:00:00.000-00:00,04,402,2716,77997,77997,3118,77997,18,136,1d505fc70f82a8deff2fb83f27b1c82ae1563531
20200503,AZ,8640,72479,,732,1348,282,,192,,1597,A+,5/3/2020 00:00,2020-05-03T00:00:00Z,362,1348,2020-05-26T00:00:00.000-00:00,04,276,2846,81119,81119,3122,81119,14,9,820406fe54ebc94ed37c4f53cf37bb82ccedbea7
20200504,AZ,8919,76334,,703,1357,288,,200,,1632,A+,5/4/2020 00:00,2020-05-04T00:00:00Z,362,1357,2020-05-26T00:00:00.000-00:00,04,279,3855,85253,85253,4134,85253,0,9,643ad5c52ed89fc11b1deb71d70f3dc0671ac17b
20200505,AZ,9305,78955,,728,1397,303,,185,,1671,A+,5/5/2020 00:00,2020-05-05T00:00:00Z,395,1397,2020-05-26T00:00:00.000-00:00,04,386,2621,88260,88260,3007,88260,33,40,59ba873b918dc6a23433941704e7a9bfcaf366e4
20200506,AZ,9707,82030,,754,1430,286,,193,,1693,A+,5/6/2020 00:00,2020-05-06T00:00:00Z,426,1430,2020-05-26T00:00:00.000-00:00,04,402,3075,91737,91737,3477,91737,31,33,0467f52c9c0b32a760a06861daaba4e3c003747d
20200507,AZ,9945,86489,,766,1449,288,,196,,1722,A+,5/7/2020 00:00,2020-05-07T00:00:00Z,450,1449,2020-05-26T00:00:00.000-00:00,04,238,4459,96434,96434,4697,96434,24,19,0d7b735f1da33dfdfef8960aa3b5121e31d2747e
20200508,AZ,10526,90599,,730,1482,295,,197,,1747,A+,5/8/2020 00:00,2020-05-08T00:00:00Z,517,1482,2020-05-26T00:00:00.000-00:00,04,581,4110,101125,101125,4691,101125,67,33,1a43ed8665d4a803787cef429e846751a7d0b588
20200509,AZ,10960,94850,,739,1514,296,,186,,2684,A+,5/9/2020 00:00,2020-05-09T00:00:00Z,532,1514,2020-05-26T00:00:00.000-00:00,04,434,4251,105810,105810,4685,105810,15,32,d6528607cfa3fa5b5ae99255ea61e263274f2306
20200510,AZ,11119,99258,,713,1528,300,,195,,2775,A+,5/10/2020 00:00,2020-05-10T00:00:00Z,536,1528,2020-05-26T00:00:00.000-00:00,04,159,4408,110377,110377,4567,110377,4,14,ccafb9515230efdde82b6fbece8e01749fb5a711
20200511,AZ,11380,105084,,717,1537,297,,201,,2852,A+,5/11/2020 00:00,2020-05-11T00:00:00Z,542,1537,2020-05-26T00:00:00.000-00:00,04,261,5826,116464,116464,6087,116464,6,9,6253ce2b1d821a96cca4127774cb203f3c050e30
20200512,AZ,11736,111106,,765,1564,318,,204,,2909,A+,5/12/2020 00:00,2020-05-12T00:00:00Z,562,1564,2020-05-26T00:00:00.000-00:00,04,356,6022,122842,122842,6378,122842,20,27,56c0a0fdd0b32d8ab8d980585fce7b44250edb52
20200513,AZ,12176,115574,,755,1590,292,,191,,2979,A+,5/13/2020 00:00,2020-05-13T00:00:00Z,594,1590,2020-05-26T00:00:00.000-00:00,04,440,4468,127750,127750,4908,127750,32,26,08672c04c6938fba328d42f91face235acc5f872
20200514,AZ,12674,121664,,781,1636,323,,201,,3074,A+,5/14/2020 00:00,2020-05-14T00:00:00Z,624,1636,2020-05-26T00:00:00.000-00:00,04,498,6090,134338,134338,6588,134338,30,46,3cf845a8c23422a8edb4224bb4cac391e7a1ba66
20200515,AZ,13169,128832,,808,1629,313,,222,,3145,A+,5/15/2020 00:00,2020-05-15T00:00:00Z,651,1629,2020-05-26T00:00:00.000-00:00,04,495,7168,142001,142001,7663,142001,27,-7,c85ec1a1e0a00412a7a3ba319f463d491884f108
20200516,AZ,13631,133157,,791,1683,344,,210,,3357,A+,5/16/2020 00:00,2020-05-16T00:00:00Z,679,1683,2020-05-26T00:00:00.000-00:00,04,462,4325,146788,146788,4787,146788,28,54,67d7785777e6d547794112ff5f6ff8add11a03fc
20200517,AZ,13937,137824,,796,1699,337,,201,,3450,A+,5/17/2020 00:00,2020-05-17T00:00:00Z,680,1699,2020-05-26T00:00:00.000-00:00,04,306,4667,151761,151761,4973,151761,1,16,dd88446ab6b237ca6d427dafafd0030ccbdaa876
20200518,AZ,14170,142303,,820,1717,329,,200,,3570,A+,5/18/2020 00:00,2020-05-18T00:00:00Z,686,1717,2020-05-26T00:00:00.000-00:00,04,233,4479,156473,156473,4712,156473,6,18,e15366e1bfe672063c6f064948039c7b67812db9
20200519,AZ,14566,147005,,792,1746,318,,201,,3693,A+,5/19/2020 00:00,2020-05-19T00:00:00Z,704,1746,2020-05-26T00:00:00.000-00:00,04,396,4702,161571,161571,5098,161571,18,29,03ca097cc30400551fd8016abfe66405ebb936fb
20200520,AZ,14897,150538,,810,1792,298,,208,,3773,A+,5/20/2020 00:00,2020-05-20T00:00:00Z,747,1792,2020-05-26T00:00:00.000-00:00,04,331,3533,165435,165435,3864,165435,43,46,2d8b3aec4d9b33ae28dcd35419ef0af1c06d65ec
20200521,AZ,15315,156312,,812,1830,299,,197,,3872,A+,5/21/2020 00:00,2020-05-21T00:00:00Z,763,1830,2020-05-26T00:00:00.000-00:00,04,418,5774,171627,171627,6192,171627,16,38,5fbea1f285e11efb566b19eb8c31a96836d7483d
20200522,AZ,15608,160395,,796,1879,311,,203,,3949,A+,5/22/2020 00:00,2020-05-22T00:00:00Z,775,1879,2020-05-26T00:00:00.000-00:00,04,293,4083,176003,176003,4376,176003,12,49,cd4f7b5f176784033248064250c907873049b9e5
20200523,AZ,16039,164400,,784,1930,309,,193,,4033,A+,5/23/2020 00:00,2020-05-23T00:00:00Z,799,1930,2020-05-26T00:00:00.000-00:00,04,431,4005,180439,180439,4436,180439,24,51,1f3cc64d76d9febf94969b4fa9bbd773f66cfbcb
20200524,AZ,16339,167302,,804,1945,322,,201,,4132,A+,5/24/2020 00:00,2020-05-24T00:00:00Z,800,1945,2020-05-26T00:00:00.000-00:00,04,300,2902,183641,183641,3202,183641,1,15,3e69c2f3173ac97bd07183004ca4dbc986905e28
20200525,AZ,16561,171221,,833,1961,334,,212,,4204,A+,5/25/2020 00:00,2020-05-25T00:00:00Z,806,1961,2020-05-26T00:00:00.000-00:00,04,222,3919,187782,187782,4141,187782,6,16,4815d6b14949b0d4a8a0b3c49f09cdb3b9986f92
