date,state,positive,negative,pending,hospitalizedCurrently,hospitalizedCumulative,inIcuCurrently,inIcuCumulative,onVentilatorCurrently,onVentilatorCumulative,recovered,dataQualityGrade,lastUpdateEt,dateModified,checkTimeEt,death,hospitalized,dateChecked,fips,positiveIncrease,negativeIncrease,total,totalTestResults,totalTestResultsIncrease,posNeg,deathIncrease,hospitalizedIncrease,hash,commercialScore,negativeRegularScore,negativeScore,positiveScore,score,grade
20200529,GU,172,5923,,,,,,,,144,C,5/29/2020 05:45,2020-05-29T05:45:00Z,05/29 01:45,5,,2020-05-29T05:45:00Z,66,0,133,6095,6095,133,6095,0,0,f7011c185536242d0d09c3be94912a7764476e1b,0,0,0,0,0,
20200528,GU,172,5790,,,,,,,,143,C,5/28/2020 07:45,2020-05-28T07:45:00Z,05/28 03:45,5,,2020-05-28T07:45:00Z,66,2,275,5962,5962,277,5962,0,0,1a0d8f483c237be55bbdcb93386ec731b840ec86,0,0,0,0,0,
20200527,GU,170,5515,,1,,,,,,143,C,5/27/2020 08:15,2020-05-27T08:15:00Z,05/27 04:15,5,,2020-05-27T08:15:00Z,66,1,0,5685,5685,1,5685,0,0,5cf468044c41f54141b9376f015f347cf7cbc9fc,0,0,0,0,0,
20200526,GU,169,5515,,,,,,,,139,C,5/26/2020 06:30,2020-05-26T06:30:00Z,05/26 02:30,5,,2020-05-26T06:30:00Z,66,3,112,5684,5684,115,5684,0,0,deb138317820c8b7b4d168d9b196e726ae190afc,0,0,0,0,0,
20200525,GU,166,5403,,,,,,,,138,C,5/25/2020 00:15,2020-05-25T00:15:00Z,05/24 20:15,5,,2020-05-25T00:15:00Z,66,0,0,5569,5569,0,5569,0,0,eef37a6bf30a728fcd469bdeb26b0b340c321d3b,0,0,0,0,0,
20200524,GU,166,5403,,,,,,,,138,C,5/23/2020 18:00,2020-05-23T18:00:00Z,05/23 14:00,5,,2020-05-23T18:00:00Z,66,1,209,5569,5569,210,5569,0,0,45172f7554e933114087da487e3175e879dbd7e6,0,0,0,0,0,
20200523,GU,165,5194,,,,,,,,134,C,5/23/2020 02:35,2020-05-23T02:35:00Z,05/22 22:35,5,,2020-05-23T02:35:00Z,66,0,80,5359,5359,80,5359,0,0,00e785c03549f60a1e1704750767094197c6b5be,0,0,0,0,0,
20200522,GU,165,5114,,,,,,,,125,C,5/22/2020 05:35,2020-05-22T05:35:00Z,05/22 01:35,5,,2020-05-22T05:35:00Z,66,0,215,5279,5279,215,5279,0,0,22ff8add8ce056aa27d66d333b445b242af1db63,0,0,0,0,0,
20200521,GU,165,4899,,,,,,,,125,C,5/21/2020 08:00,2020-05-21T08:00:00Z,05/21 04:00,5,,2020-05-21T08:00:00Z,66,0,92,5064,5064,92,5064,0,0,01bb3cb203a8c89577f2f4ccf963f1f7da27d47b,0,0,0,0,0,
20200520,GU,165,4807,,,,,,,,125,C,5/20/2020 06:30,2020-05-20T06:30:00Z,05/20 02:30,5,,2020-05-20T06:30:00Z,66,11,134,4972,4972,145,4972,0,0,5da94f26cddd3bc93efc85291daec5719af49669,0,0,0,0,0,
20200519,GU,154,4673,,,,,,,,126,C,5/19/2020 05:45,2020-05-19T05:45:00Z,05/19 01:45,5,,2020-05-19T05:45:00Z,66,0,104,4827,4827,104,4827,0,0,4e378e6456d25a813e9467faffa8f0d63679bf36,0,0,0,0,0,
20200518,GU,154,4569,,,,,,,,126,C,5/16/2020 04:30,2020-05-16T04:30:00Z,05/16 00:30,5,,2020-05-16T04:30:00Z,66,0,119,4723,4723,119,4723,0,0,af9f9035d03e736237c61f51801acfb80dcb450f,0,0,0,0,0,
20200517,GU,154,4450,,,,,,,,126,C,5/16/2020 04:30,2020-05-16T04:30:00Z,05/16 00:30,5,,2020-05-16T04:30:00Z,66,0,85,4604,4604,85,4604,0,0,ee153be113a3cb031714271a12f35a5dbd89e4cf,0,0,0,0,0,
20200516,GU,154,4365,,,,,,,,126,C,5/16/2020 04:30,2020-05-16T04:30:00Z,05/16 00:30,5,,2020-05-16T04:30:00Z,66,0,4,4519,4519,4,4519,0,0,b67f273417d2c1ef1367819b288ace6c6f73630a,0,0,0,0,0,
20200515,GU,154,4361,,,,,,,,124,C,5/15/2020 04:45,2020-05-15T04:45:00Z,05/15 00:45,5,,2020-05-15T04:45:00Z,66,1,135,4515,4515,136,4515,0,0,4b284550711cd5d933af488e7ead88cc5219f917,0,0,0,0,0,
20200514,GU,153,4226,,,,,,,,124,C,5/14/2020 05:45,2020-05-14T05:45:00Z,05/14 01:45,5,,2020-05-14T05:45:00Z,66,1,116,4379,4379,117,4379,0,0,1bc053006c38e83e9f496cca01d94beba466fbbf,0,0,0,0,0,
20200513,GU,152,4110,,,,,,,,124,C,5/13/2020 07:55,2020-05-13T07:55:00Z,05/13 03:55,5,,2020-05-13T07:55:00Z,66,0,171,4262,4262,171,4262,0,0,3fb9aa9a7390a3ebe7c271cff6386ccc3e300df5,0,0,0,0,0,
20200512,GU,152,3939,,,,,,,,124,C,5/11/2020 18:00,2020-05-11T18:00:00Z,05/11 14:00,5,,2020-05-11T18:00:00Z,66,1,101,4091,4091,102,4091,0,0,6c9c26abf623781611e1b2eb5ee17530b1c5df41,0,0,0,0,0,
20200511,GU,151,3838,,,,,,,,124,C,5/11/2020 06:45,2020-05-11T06:45:00Z,05/11 02:45,5,,2020-05-11T06:45:00Z,66,0,195,3989,3989,195,3989,0,0,8fdc3ec974dfb1203bbfbbc7360a20f8aa94a335,0,0,0,0,0,
20200510,GU,151,3643,,,,,,,,124,C,5/9/2020 03:50,2020-05-09T03:50:00Z,05/08 23:50,5,,2020-05-09T03:50:00Z,66,0,0,3794,3794,0,3794,0,0,e3c42cd1b9d771cf5e5a4f84af9d9bb15894191c,0,0,0,0,0,
20200509,GU,151,3643,,,,,,,,124,C,5/9/2020 00:00,2020-05-09T00:00:00Z,05/08 20:00,5,,2020-05-09T00:00:00Z,66,0,17,3794,3794,17,3794,0,0,a88a17e1c5a3222ae7fdb6b9ccec36f40f0fab53,0,0,0,0,0,
20200508,GU,151,3626,,,,,,,,122,D,5/8/2020 00:00,2020-05-08T00:00:00Z,05/07 20:00,5,,2020-05-08T00:00:00Z,66,0,62,3777,3777,62,3777,0,0,30c883a7516a94241212b2bac9c99b722b022df3,0,0,0,0,0,
20200507,GU,151,3564,,,,,,,,123,F,5/7/2020 00:00,2020-05-07T00:00:00Z,05/06 20:00,5,,2020-05-07T00:00:00Z,66,0,88,3715,3715,88,3715,0,0,acb275aabaecb6853fbc9bd1077fe6913f82ae6a,0,0,0,0,0,
20200506,GU,151,3476,,,,,,,,123,F,5/6/2020 00:00,2020-05-06T00:00:00Z,05/05 20:00,5,,2020-05-06T00:00:00Z,66,2,135,3627,3627,137,3627,0,0,9bbc64e58a52b04e2c44ad022e70c00ba0a5badf,0,0,0,0,0,
20200505,GU,149,3341,,,,,,,,124,F,5/5/2020 09:00,2020-05-05T09:00:00Z,05/05 05:00,5,,2020-05-05T09:00:00Z,66,0,99,3490,3490,99,3490,0,0,90b22cb35b654e61e676a6ca147269776eda3ed0,0,0,0,0,0,
20200504,GU,149,3242,,,,,,,,125,F,5/4/2020 07:40,2020-05-04T07:40:00Z,05/04 03:40,5,,2020-05-04T07:40:00Z,66,-1,90,3391,3391,89,3391,0,0,681f757ee615fce92b19e0505d0cbfe5fe586c38,0,0,0,0,0,
20200503,GU,150,3152,,,,,,,,126,F,5/3/2020 06:20,2020-05-03T06:20:00Z,05/03 02:20,5,,2020-05-03T06:20:00Z,66,2,112,3302,3302,114,3302,0,0,5f72dbed988fe667a4a9d6453d014469ce919e41,0,0,0,0,0,
20200502,GU,148,3040,,,,,,,,131,F,5/2/2020 08:15,2020-05-02T08:15:00Z,05/02 04:15,5,,2020-05-02T08:15:00Z,66,2,181,3188,3188,183,3188,0,0,bd3ad85f874dbb5353e97f538991750dd3fcdee5,0,0,0,0,0,
20200501,GU,146,2859,,,,,,,,131,F,5/1/2020 08:15,2020-05-01T08:15:00Z,05/01 04:15,5,,2020-05-01T08:15:00Z,66,0,897,3005,3005,897,3005,0,0,d1179d955303225ce3ac82a1411eea8f7395349b,0,0,0,0,0,
20200430,GU,146,1962,,,,,,,,131,F,4/30/2020 09:15,2020-04-30T09:15:00Z,04/30 05:15,5,,2020-04-30T09:15:00Z,66,1,260,2108,2108,261,2108,0,0,ea1525698050a86cae0a64c016d055dcd7d6c9c4,0,0,0,0,0,
20200429,GU,145,1702,,,,,,,,130,D,4/29/2020 09:35,2020-04-29T09:35:00Z,04/29 05:35,5,,2020-04-29T09:35:00Z,66,0,164,1847,1847,164,1847,0,0,4ceeb0912a3be1d1c7d17803412a9d3e34cf241b,0,0,0,0,0,
20200428,GU,145,1538,,3,,,,,,129,D,4/28/2020 09:15,2020-04-28T09:15:00Z,04/28 05:15,5,,2020-04-28T09:15:00Z,66,1,114,1683,1683,115,1683,0,0,51d5d00e13ef1d360103d7514c0de62698402772,0,0,0,0,0,
20200427,GU,144,1424,,3,,,,,,128,D,4/27/2020 07:20,2020-04-27T07:20:00Z,04/27 03:20,5,,2020-04-27T07:20:00Z,66,3,37,1568,1568,40,1568,0,0,1d2963104bdbafffee53b9a49ce0563a907f8e93,0,0,0,0,0,
20200426,GU,141,1387,,2,,,,,,128,D,4/26/2020 07:30,2020-04-26T07:30:00Z,04/26 03:30,5,,2020-04-26T07:30:00Z,66,0,79,1528,1528,79,1528,0,0,42aaeac2ff7091cac0a2166e45b011fda2adc198,0,0,0,0,0,
20200425,GU,141,1308,,2,,,,,,128,D,4/25/2020 07:30,2020-04-25T07:30:00Z,04/25 03:30,5,,2020-04-25T07:30:00Z,66,0,75,1449,1449,75,1449,0,0,1f8de7958d4015f83b152f5f812bdc4e8f72027d,0,0,0,0,0,
20200424,GU,141,1233,,2,,,,,,126,,4/24/2020 07:40,2020-04-24T07:40:00Z,04/24 03:40,5,,2020-04-24T07:40:00Z,66,6,53,1374,1374,59,1374,0,0,0efe59af7b00d4a8d1a4954fa3bfe2d3f1ee6793,0,0,0,0,0,
20200423,GU,135,1180,,2,,,,,,126,,4/23/2020 07:45,2020-04-23T07:45:00Z,04/23 03:45,5,,2020-04-23T07:45:00Z,66,1,94,1315,1315,95,1315,0,0,1e87e62fda758f84329ac06f6389559ce832cc52,0,0,0,0,0,
20200422,GU,134,1086,,3,,2,,,,119,,4/22/2020 07:45,2020-04-22T07:45:00Z,04/22 03:45,5,,2020-04-22T07:45:00Z,66,1,53,1220,1220,54,1220,0,0,63db4f1aedfba5edba9d6a7c2286e30f9cd2630f,0,0,0,0,0,
20200421,GU,133,1033,,3,,2,,,,114,,4/21/2020 08:05,2020-04-21T08:05:00Z,04/21 04:05,5,,2020-04-21T08:05:00Z,66,0,42,1166,1166,42,1166,0,0,b3a63291988fdca53d5758be84abdb29c5955b54,0,0,0,0,0,
20200420,GU,133,991,,3,,2,,,,112,,4/20/2020 06:50,2020-04-20T06:50:00Z,04/20 02:50,5,,2020-04-20T06:50:00Z,66,0,48,1124,1124,48,1124,0,0,174c2cfd0dead90a2404e49ec32c6e06e5aa32e6,0,0,0,0,0,
20200419,GU,133,943,,6,,2,,,,112,,4/19/2020 05:00,2020-04-19T05:00:00Z,04/19 01:00,5,,2020-04-19T05:00:00Z,66,0,0,1076,1076,0,1076,0,0,61468c79255616a552ed4c22906f64ef885c86e5,0,0,0,0,0,
20200418,GU,133,943,,6,,2,,,,110,,4/18/2020 06:50,2020-04-18T06:50:00Z,04/18 02:50,5,,2020-04-18T06:50:00Z,66,0,3,1076,1076,3,1076,0,0,e9b41a2b4b95302a6072dc9023d4fd759c774be9,0,0,0,0,0,
20200417,GU,133,940,,6,,2,,,,97,,4/17/2020 07:00,2020-04-17T07:00:00Z,04/17 03:00,5,,2020-04-17T07:00:00Z,66,0,70,1073,1073,70,1073,0,0,1c2259a7ea766c6614a761250cc7cda87389e566,0,0,0,0,0,
20200416,GU,133,870,,9,,,,,,86,,4/16/2020 07:45,2020-04-16T07:45:00Z,04/16 03:45,5,,2020-04-16T07:45:00Z,66,0,27,1003,1003,27,1003,0,0,654ab5d3863f74673732efdf926c7b24cfd894a8,0,0,0,0,0,
20200415,GU,133,843,,9,,2,,2,,73,,4/15/2020 07:45,2020-04-15T07:45:00Z,04/15 03:45,5,,2020-04-15T07:45:00Z,66,0,32,976,976,32,976,0,0,6acc553fb9ae18900521cec13dd310dfba28e663,0,0,0,0,0,
20200414,GU,133,811,,13,,2,,2,,66,,4/14/2020 08:15,2020-04-14T08:15:00Z,04/14 04:15,5,,2020-04-14T08:15:00Z,66,0,41,944,944,41,944,0,0,2659d8186976a25531e994e081d923d0b09e0216,0,0,0,0,0,
20200413,GU,133,770,,12,,2,,2,,58,,4/13/2020 08:00,2020-04-13T08:00:00Z,04/13 04:00,5,,2020-04-13T08:00:00Z,66,0,77,903,903,77,903,0,0,aa53c66fb5b0c9e3f9cd267ec97d7b21712b9e6f,0,0,0,0,0,
20200412,GU,133,693,,13,,2,,2,,58,,4/11/2020 07:40,2020-04-11T07:40:00Z,04/11 03:40,5,,2020-04-11T07:40:00Z,66,0,0,826,826,0,826,0,0,35b27763d30a8950abc2ec0f50d77400051731c3,0,0,0,0,0,
20200411,GU,133,693,,14,,2,,2,,58,,4/11/2020 07:40,2020-04-11T07:40:00Z,04/11 03:40,5,,2020-04-11T07:40:00Z,66,3,31,826,826,34,826,1,0,0687e2216cadd44583ff56639047924925348ebd,0,0,0,0,0,
20200410,GU,130,662,,14,,2,,2,,41,,4/9/2020 20:45,2020-04-09T20:45:00Z,04/09 16:45,4,,2020-04-09T20:45:00Z,66,2,69,792,792,71,792,0,0,4d8952c216f84e4425ef37460a495457b7a85378,0,0,0,0,0,
20200409,GU,128,593,,14,,2,,2,,33,,4/9/2020 08:00,2020-04-09T08:00:00Z,04/09 04:00,4,,2020-04-09T08:00:00Z,66,3,31,721,721,34,721,0,0,b418e661ff439ecb6c33b1e25e421e80d9e168d9,0,0,0,0,0,
20200408,GU,125,562,,21,,2,,2,,31,,4/8/2020 07:30,2020-04-08T07:30:00Z,04/08 03:30,4,,2020-04-08T07:30:00Z,66,4,33,687,687,37,687,0,0,8e7443aec04739bf6e509b1169013995f636c41a,0,0,0,0,0,
20200407,GU,121,529,,21,,2,,2,,27,,4/7/2020 07:00,2020-04-07T07:00:00Z,04/07 03:00,4,,2020-04-07T07:00:00Z,66,8,24,650,650,32,650,0,0,d488745050170de1d29cbc70d601a6cc99dc2375,0,0,0,0,0,
20200406,GU,113,505,,21,,2,,,,25,,4/6/2020 06:00,2020-04-06T06:00:00Z,04/06 02:00,4,,2020-04-06T06:00:00Z,66,1,12,618,618,13,618,0,0,2c7dc40b77d0f0508d0a36249151abd15b70d48b,0,0,0,0,0,
20200405,GU,112,493,,21,,2,,,,23,,4/5/2020 09:05,2020-04-05T09:05:00Z,04/05 05:05,4,,2020-04-05T09:05:00Z,66,19,21,605,605,40,605,0,0,0ef7dc7bc42a7d0b88b2a69b8ca660e1a3a86251,0,0,0,0,0,
20200404,GU,93,472,,20,,2,,,,20,,4/4/2020 06:45,2020-04-04T06:45:00Z,04/04 02:45,4,,2020-04-04T06:45:00Z,66,9,13,565,565,22,565,0,0,c6afaed7b703ce1bcf3ca9fb3b8e0adbe41ef647,0,0,0,0,0,
20200403,GU,84,459,,19,,2,,,,14,,4/3/2020 09:45,2020-04-03T09:45:00Z,04/03 05:45,4,,2020-04-03T09:45:00Z,66,2,17,543,543,19,543,1,0,d83a46a0cdbf03db8582bb5620643b923f2ad33f,0,0,0,0,0,
20200402,GU,82,442,,19,,2,,,,12,,4/2/2020 08:30,2020-04-02T08:30:00Z,04/02 04:30,3,,2020-04-02T08:30:00Z,66,5,36,524,524,41,524,0,0,0f5fee1c05f060ff32b77ea2ea3ff43fcd72d0f9,0,0,0,0,0,
20200401,GU,77,406,,19,,2,,,,9,,4/1/2020 08:30,2020-04-01T08:30:00Z,04/01 04:30,3,,2020-04-01T08:30:00Z,66,8,35,483,483,43,483,1,0,1ba51f17cfe367a4b86e77058443d218408fec2f,0,0,0,0,0,
20200331,GU,69,371,,19,,2,,,,7,,3/31/2020 07:55,2020-03-31T07:55:00Z,03/31 03:55,2,,2020-03-31T07:55:00Z,66,11,19,440,440,30,440,1,0,29f3da182b753272ab658d75647ad3b93b49cabe,0,0,0,0,0,
20200330,GU,58,352,,19,,2,,,,7,,3/30/2020 04:30,2020-03-30T04:30:00Z,03/30 00:30,1,,2020-03-30T04:30:00Z,66,2,18,410,410,20,410,0,0,75845e8a8419531f46e770b70f826c2b0c2fcdd9,0,0,0,0,0,
20200329,GU,56,334,,15,,,,,,7,,3/29/2020 04:00,2020-03-29T04:00:00Z,03/29 00:00,1,,2020-03-29T04:00:00Z,66,1,35,390,390,36,390,0,0,9f8c36f2f84eff56bbb0086db62c4c9850300600,0,0,0,0,0,
20200328,GU,55,299,,15,,,,,,7,,3/28/2020 03:00,2020-03-28T03:00:00Z,03/27 23:00,1,,2020-03-28T03:00:00Z,66,4,0,354,354,4,354,0,0,030bb09d5de407f6451dca92afa6d2509048f42e,0,0,0,0,0,
20200327,GU,51,299,,13,,,,,,,,3/27/2020 07:00,2020-03-27T07:00:00Z,03/27 03:00,1,,2020-03-27T07:00:00Z,66,6,36,350,350,42,350,0,0,7391014b960f35c141fb21fec117b83954e15b8e,0,0,0,0,0,
20200326,GU,45,263,,11,,,,,,,,3/26/2020 06:30,2020-03-26T06:30:00Z,03/26 02:30,1,,2020-03-26T06:30:00Z,66,8,30,308,308,38,308,0,0,9a20b7db97a85116981d1edd239ba01cb6378287,0,0,0,0,0,
20200325,GU,37,233,,10,,,,,,,,3/25/2020 06:45,2020-03-25T06:45:00Z,03/25 02:45,1,,2020-03-25T06:45:00Z,66,5,32,270,270,37,270,0,0,688261cc3edc736977e56615efeaba57c38af783,0,0,0,0,0,
20200324,GU,32,201,,5,,,,,,,,3/24/2020 06:45,2020-03-24T06:45:00Z,03/24 02:45,1,,2020-03-24T06:45:00Z,66,3,40,233,233,43,233,0,0,c32756c9c6a5d4efab9e27c316c5641596bb689b,0,0,0,0,0,
20200323,GU,29,161,,,,,,,,,,3/23/2020 06:45,2020-03-23T06:45:00Z,03/23 02:45,1,,2020-03-23T06:45:00Z,66,2,35,190,190,37,190,0,0,9fbda86cdf50103ffefd921b7e177e067da5c6ba,0,0,0,0,0,
20200322,GU,27,126,,,,,,,,,,3/22/2020 07:00,2020-03-22T07:00:00Z,03/22 03:00,1,,2020-03-22T07:00:00Z,66,12,18,153,153,30,153,1,0,15b74739d8b6afd458ddfd04c1202a13323af025,0,0,0,0,0,
20200321,GU,15,108,,,,,,,,,,3/21/2020 07:15,2020-03-21T07:15:00Z,03/21 03:15,,,2020-03-21T07:15:00Z,66,1,22,123,123,23,123,0,0,a80554b2a4ecd55e7936ef6bf48116480b012bad,0,0,0,0,0,
20200320,GU,14,86,,,,,,,,,,3/20/2020 05:15,2020-03-20T05:15:00Z,03/20 01:15,,,2020-03-20T05:15:00Z,66,2,17,100,100,19,100,0,0,aa5c282254874419e60de90c71b6be6ff22b26f3,0,0,0,0,0,
20200319,GU,12,69,,,,,,,,,,3/19/2020 05:15,2020-03-19T05:15:00Z,03/19 01:15,,,2020-03-19T05:15:00Z,66,4,12,81,81,16,81,0,0,c1eee2e7b4f4ee1ef5c0f36ead2fa1c46e55a648,0,0,0,0,0,
20200318,GU,8,57,,,,,,,,,,3/18/2020 05:45,2020-03-18T05:45:00Z,03/18 01:45,,,2020-03-18T05:45:00Z,66,3,16,65,65,19,65,0,0,6f640e89b2ba33ecb8f76f9de54bd35410e49b48,0,0,0,0,0,
20200317,GU,5,41,,,,,,,,,,3/17/2020 04:15,2020-03-17T04:15:00Z,03/17 00:15,,,2020-03-17T04:15:00Z,66,2,18,46,46,20,46,0,0,1fd42140fbc32ad0e2600f60b247d39a73fea0ec,0,0,0,0,0,
20200316,GU,3,23,,,,,,,,,,3/16/2020 15:58,2020-03-16T15:58:00Z,03/16 11:58,,,2020-03-16T15:58:00Z,66,0,0,26,26,0,26,0,0,be818653d044ac122cfa003ee9640581353c75f7,0,0,0,0,0,
