date,state,positive,negative,pending,hospitalizedCurrently,hospitalizedCumulative,inIcuCurrently,inIcuCumulative,onVentilatorCurrently,onVentilatorCumulative,recovered,dataQualityGrade,lastUpdateEt,dateModified,death,hospitalized,dateChecked,fips,positiveIncrease,negativeIncrease,total,totalTestResults,totalTestResultsIncrease,posNeg,deathIncrease,hospitalizedIncrease,hash
20200307,MT,0,11,,,,,,,,,,,Invalid DateTime,,,2020-05-26T00:00:00.000-00:00,30,0,0,11,11,0,11,0,0,48a651af57f4cc87876304eaf617953859a9e370
20200308,MT,0,11,,,,,,,,,,,Invalid DateTime,,,2020-05-26T00:00:00.000-00:00,30,0,0,11,11,0,11,0,0,b654440d39607d8a1607209c1aa101a13b617998
20200309,MT,0,11,,,,,,,,,,,Invalid DateTime,,,2020-05-26T00:00:00.000-00:00,30,0,0,11,11,0,11,0,0,1539d53894449f4ff66cc458f85e0ed4b272e77f
20200310,MT,0,15,,,,,,,,,,,Invalid DateTime,,,2020-05-26T00:00:00.000-00:00,30,0,4,15,15,4,15,0,0,a5835e70d2cdb295be7760621172806cb2dfe3f4
20200311,MT,0,21,,,,,,,,,,,Invalid DateTime,,,2020-05-26T00:00:00.000-00:00,30,0,6,21,21,6,21,0,0,902b8515109fad23d00f89abd3297d0f6faa128e
20200312,MT,1,34,,,,,,,,,,3/11/2020 19:00,2020-03-11T19:00:00Z,,,2020-05-26T00:00:00.000-00:00,30,1,13,35,35,14,35,0,0,f32a529b9ab073c5a3cd829c850064724c72bf94
20200313,MT,1,55,,,,,,,,,,3/12/2020 19:00,2020-03-12T19:00:00Z,,,2020-05-26T00:00:00.000-00:00,30,0,21,56,56,21,56,0,0,9e24e95e4ac04c6a4e843ad0c1c3c53ee90b8fb7
20200314,MT,5,103,,,,,,,,,,3/13/2020 19:00,2020-03-13T19:00:00Z,,,2020-05-26T00:00:00.000-00:00,30,4,48,108,108,52,108,0,0,b070da92820674b3a5d238ec6dd6726ce01d6112
20200315,MT,7,103,57,,,,,,,,,3/14/2020 17:52,2020-03-14T17:52:00Z,,,2020-05-26T00:00:00.000-00:00,30,2,0,167,110,2,110,0,0,e024e428afe68b95f348c1cb151ca077c2844eaa
20200316,MT,7,198,,,,,,,,,,3/16/2020 15:51,2020-03-16T15:51:00Z,,,2020-05-26T00:00:00.000-00:00,30,0,95,205,205,95,205,0,0,d1672183e1e17ffe0f700ecdf4a31a6152a42b06
20200317,MT,8,303,,,,,,,,,,3/16/2020 21:22,2020-03-16T21:22:00Z,,,2020-05-26T00:00:00.000-00:00,30,1,105,311,311,106,311,0,0,50ad71ba85bd6f711ebcd15896960f9a4dedb0a1
20200318,MT,10,499,,,,,,,,,,3/18/2020 10:15,2020-03-18T10:15:00Z,,,2020-05-26T00:00:00.000-00:00,30,2,196,509,509,198,509,0,0,5000eb405f827539dd0878049ddb6579ef059bf9
20200319,MT,12,761,,,,,,,,,,3/18/2020 23:23,2020-03-18T23:23:00Z,,,2020-05-26T00:00:00.000-00:00,30,2,262,773,773,264,773,0,0,3849024b20261a538f0e0544916c783c3af3daa7
20200320,MT,16,931,,,,,,,,,,3/19/2020 22:11,2020-03-19T22:11:00Z,,,2020-05-26T00:00:00.000-00:00,30,4,170,947,947,174,947,0,0,af80dd1288d27cc243261fa5690acef8ede555e7
20200321,MT,20,1146,,,,,,,,,,3/20/2020 21:24,2020-03-20T21:24:00Z,,,2020-05-26T00:00:00.000-00:00,30,4,215,1166,1166,219,1166,0,0,fb1581b771106db83e3815d064ee7e7e20ff25fb
20200322,MT,31,1146,,,,,,,,,,3/22/2020 00:00,2020-03-22T00:00:00Z,,,2020-05-26T00:00:00.000-00:00,30,11,0,1177,1177,11,1177,0,0,ced2e9ad4568d93313cb5e59218635b43449c75b
20200323,MT,34,1146,,,,,,,,,C,3/23/2020 10:00,2020-03-23T10:00:00Z,,,2020-05-26T00:00:00.000-00:00,30,3,0,1180,1180,3,1180,0,0,d97c0d0a999631d014bf4bca0a3b02d06b1991d6
20200324,MT,46,1643,,,,,,,,,C,3/24/2020 10:00,2020-03-24T10:00:00Z,,,2020-05-26T00:00:00.000-00:00,30,12,497,1689,1689,509,1689,0,0,7e064a1cbdeda3e2a22786db5001f053132ba766
20200325,MT,53,1948,,,,,,,,,C,3/25/2020 10:00,2020-03-25T10:00:00Z,,,2020-05-26T00:00:00.000-00:00,30,7,305,2001,2001,312,2001,0,0,373a189d9ff992f18f1a538725df00c2e2ca5d63
20200326,MT,71,2128,,,1,,,,,,C,3/26/2020 10:00,2020-03-26T10:00:00Z,,1,2020-05-26T00:00:00.000-00:00,30,18,180,2199,2199,198,2199,0,1,382a4ad271a97759d52b1ada0953f6322b4b58ac
20200327,MT,108,2590,,,7,,,,,,A,3/27/2020 10:00,2020-03-27T10:00:00Z,,7,2020-05-26T00:00:00.000-00:00,30,37,462,2698,2698,499,2698,0,6,365e60ec6e184bac091fe21fe8ac40b722824ec1
20200328,MT,129,3256,,,7,,,,,,A,3/28/2020 12:30,2020-03-28T12:30:00Z,1,7,2020-05-26T00:00:00.000-00:00,30,21,666,3385,3385,687,3385,1,0,46f1630774347d7d5e902e2f35ae1d3557f528c3
20200329,MT,154,4143,,,8,,,,,,A,3/29/2020 10:00,2020-03-29T10:00:00Z,1,8,2020-05-26T00:00:00.000-00:00,30,25,887,4297,4297,912,4297,0,1,ea9496187c75162e5b442ec66d22073d5f067726
20200330,MT,171,4143,,,10,,,,,,A,3/30/2020 10:00,2020-03-30T10:00:00Z,4,10,2020-05-26T00:00:00.000-00:00,30,17,0,4314,4314,17,4314,3,2,d5a941fbdf259f00b1f68e9999e9a4889bf54afc
20200331,MT,184,4234,,,14,,,,,,A,3/31/2020 10:00,2020-03-31T10:00:00Z,4,14,2020-05-26T00:00:00.000-00:00,30,13,91,4418,4418,104,4418,0,4,80c70549eba14695b99c7bc026c7ab22ceb093d4
20200401,MT,208,4710,,,17,,,,,,A,4/1/2020 10:00,2020-04-01T10:00:00Z,5,17,2020-05-26T00:00:00.000-00:00,30,24,476,4918,4918,500,4918,1,3,34e28515f94e7e5516b8db2bf3a9aff5206fc43c
20200402,MT,227,5093,,,20,,,,,,A,4/2/2020 10:00,2020-04-02T10:00:00Z,5,20,2020-05-26T00:00:00.000-00:00,30,19,383,5320,5320,402,5320,0,3,1b5dc490cfd4751a702b43efad4bdb483c33327e
20200403,MT,243,5333,,,24,,,,,,A,4/3/2020 10:00,2020-04-03T10:00:00Z,5,24,2020-05-26T00:00:00.000-00:00,30,16,240,5576,5576,256,5576,0,4,d08f6e7c27dc3873e0d6aa4bacf8950652b11913
20200404,MT,265,5912,,,24,,,,,,A,4/4/2020 10:00,2020-04-04T10:00:00Z,5,24,2020-05-26T00:00:00.000-00:00,30,22,579,6177,6177,601,6177,0,0,d1a750a60a05476126964022def8b133a4fa0402
20200405,MT,286,6317,,,24,,,,,,A,4/5/2020 10:00,2020-04-05T10:00:00Z,6,24,2020-05-26T00:00:00.000-00:00,30,21,405,6603,6603,426,6603,1,0,dfc2e15ab4eca82528ea5651d1db3866e63c770b
20200406,MT,299,6491,,,24,,,,,,A,4/6/2020 10:00,2020-04-06T10:00:00Z,6,24,2020-05-26T00:00:00.000-00:00,30,13,174,6790,6790,187,6790,0,0,7dcaba21c7fe2c3da51582170ca37f7e25bb7479
20200407,MT,319,6666,,,28,,,,,,A,4/7/2020 13:28,2020-04-07T13:28:00Z,6,28,2020-05-26T00:00:00.000-00:00,30,20,175,6985,6985,195,6985,0,4,80f50b7aabd662ff52e66fe770e3e51eac05a9e9
20200408,MT,332,7066,,,31,,,,,135,A,4/8/2020 13:45,2020-04-08T13:45:00Z,6,31,2020-05-26T00:00:00.000-00:00,30,13,400,7398,7398,413,7398,0,3,fe1cfa93c7ba32531b2b23bab4c1967de83de7a7
20200409,MT,354,7506,,13,36,,,,,157,A,4/9/2020 13:33,2020-04-09T13:33:00Z,6,36,2020-05-26T00:00:00.000-00:00,30,22,440,7860,7860,462,7860,0,5,f72070467592197b2c4cf6e35fd220b107a4adc0
20200410,MT,365,7932,,29,41,,,,,165,A,4/10/2020 11:25,2020-04-10T11:25:00Z,6,41,2020-05-26T00:00:00.000-00:00,30,11,426,8297,8297,437,8297,0,5,5ec3911c268a226adb1f75de61f2010e2678e09c
20200411,MT,377,8204,,21,46,,,,,169,A,4/10/2020 00:00,2020-04-10T00:00:00Z,6,46,2020-05-26T00:00:00.000-00:00,30,12,272,8581,8581,284,8581,0,5,21dd43387f7c119bf5a775486d858457c570544b
20200412,MT,387,8526,,22,47,,,,,169,A,4/12/2020 10:21,2020-04-12T10:21:00Z,6,47,2020-05-26T00:00:00.000-00:00,30,10,322,8913,8913,332,8913,0,1,62f364a93d139e1ef5a14959b368e8802793ecc3
20200413,MT,394,8704,,21,47,,,,,171,A,4/13/2020 13:11,2020-04-13T13:11:00Z,7,47,2020-05-26T00:00:00.000-00:00,30,7,178,9098,9098,185,9098,1,0,58d793e7d7b076ef09ada30d1b6dc30c8a661286
20200414,MT,399,8835,,24,50,,,,,197,A,4/14/2020 11:56,2020-04-14T11:56:00Z,7,50,2020-05-26T00:00:00.000-00:00,30,5,131,9234,9234,136,9234,0,3,83983c57b8f8fe98a9a2cff317708037aa433cb6
20200415,MT,404,9179,,21,51,,,,,209,A,4/15/2020 11:59,2020-04-15T11:59:00Z,7,51,2020-05-26T00:00:00.000-00:00,30,5,344,9583,9583,349,9583,0,1,b94e6fd1d428da49186512160ea2f2ef51caf196
20200416,MT,415,9521,,21,52,,,,,218,A,4/16/2020 11:44,2020-04-16T11:44:00Z,7,52,2020-05-26T00:00:00.000-00:00,30,11,342,9936,9936,353,9936,0,1,99c249c57e1cd1794b40729b6f9c0c8db8e3baac
20200417,MT,422,9822,,21,54,,,,,233,A,4/17/2020 10:44,2020-04-17T10:44:00Z,8,54,2020-05-26T00:00:00.000-00:00,30,7,301,10244,10244,308,10244,1,2,fe71b3d05571dc2e3ca7c7ef3e61ed57aec43e38
20200418,MT,426,10143,,17,55,,,,,234,A,4/18/2020 10:18,2020-04-18T10:18:00Z,10,55,2020-05-26T00:00:00.000-00:00,30,4,321,10569,10569,325,10569,2,1,0ebd1f758124c894e5c7020e67ec65db2cb34fdb
20200419,MT,433,10465,,18,55,,,,,243,A,4/19/2020 11:40,2020-04-19T11:40:00Z,10,55,2020-05-26T00:00:00.000-00:00,30,7,322,10898,10898,329,10898,0,0,a32ee5efc64817d634707b8b113de790b34fa3ba
20200420,MT,433,10618,,19,57,,,,,243,A,4/20/2020 11:00,2020-04-20T11:00:00Z,10,57,2020-05-26T00:00:00.000-00:00,30,0,153,11051,11051,153,11051,0,2,dd0752f425e79c68cda7455d1a4f37b3836a4fe0
20200421,MT,437,10804,,14,59,,,,,273,A,4/21/2020 11:56,2020-04-21T11:56:00Z,12,59,2020-05-26T00:00:00.000-00:00,30,4,186,11241,11241,190,11241,2,2,7dba0cbeab8c576b48434c29e7f0f0a73ed11946
20200422,MT,439,11144,,13,59,,,,,296,A,4/22/2020 00:00,2020-04-22T00:00:00Z,14,59,2020-05-26T00:00:00.000-00:00,30,2,340,11583,11583,342,11583,2,0,ae7c2c30d540dc3328f11089ea229f33f7b892ca
20200423,MT,442,11433,,13,59,,,,,306,A,4/23/2020 00:00,2020-04-23T00:00:00Z,14,59,2020-05-26T00:00:00.000-00:00,30,3,289,11875,11875,292,11875,0,0,4221e468009c049efc85f3823043937ec3060e08
20200424,MT,444,11683,,12,59,,,,,325,A,4/24/2020 00:00,2020-04-24T00:00:00Z,14,59,2020-05-26T00:00:00.000-00:00,30,2,250,12127,12127,252,12127,0,0,9683aec86e068a06e4f0602d718739177aec8782
20200425,MT,445,12052,,11,61,,,,,339,C,4/25/2020 00:00,2020-04-25T00:00:00Z,14,61,2020-05-26T00:00:00.000-00:00,30,1,369,12497,12497,370,12497,0,2,43c18938a66521dfd2357b0b803a3369b058b070
20200426,MT,448,12414,,11,61,,,,,339,C,4/26/2020 00:00,2020-04-26T00:00:00Z,14,61,2020-05-26T00:00:00.000-00:00,30,3,362,12862,12862,365,12862,0,0,495093550bff126501be032616d9a2740f77a8d5
20200427,MT,449,12584,,11,61,,,,,352,C,4/27/2020 00:00,2020-04-27T00:00:00Z,14,61,2020-05-26T00:00:00.000-00:00,30,1,170,13033,13033,171,13033,0,0,15fcb2dbe3af07c1c074ccc11b3e02408eae664c
20200428,MT,451,12740,,10,61,,,,,356,C,4/28/2020 00:00,2020-04-28T00:00:00Z,15,61,2020-05-26T00:00:00.000-00:00,30,2,156,13191,13191,158,13191,1,0,7deb38486588fc11168fdde879872677127cf084
20200429,MT,451,13077,,5,61,,,,,382,C,4/29/2020 00:00,2020-04-29T00:00:00Z,16,61,2020-05-26T00:00:00.000-00:00,30,0,337,13528,13528,337,13528,1,0,c6814a1c4f2e79eee08f4676da1528ede641cf69
20200430,MT,453,13461,,5,61,,,,,392,C,4/30/2020 00:00,2020-04-30T00:00:00Z,16,61,2020-05-26T00:00:00.000-00:00,30,2,384,13914,13914,386,13914,0,0,ab0972bb6f8b70ab8f957b82dd42d81cade7c3b6
20200501,MT,453,13750,,5,61,,,,,397,C,4/30/2020 00:00,2020-04-30T00:00:00Z,16,61,2020-05-26T00:00:00.000-00:00,30,0,289,14203,14203,289,14203,0,0,03808926e25d53a8b78339b65c75bd0cf6ea5865
20200502,MT,455,14180,,5,61,,,,,404,C,5/2/2020 00:00,2020-05-02T00:00:00Z,16,61,2020-05-26T00:00:00.000-00:00,30,2,430,14635,14635,432,14635,0,0,6173b73ec5d652557adcfdab3fa3b0435d9e7384
20200503,MT,455,14552,,5,61,,,,,404,C,5/3/2020 00:00,2020-05-03T00:00:00Z,16,61,2020-05-26T00:00:00.000-00:00,30,0,372,15007,15007,372,15007,0,0,3a08130634d3287f32f464ef8d9955b0cd3e3f78
20200504,MT,457,14631,,6,62,,,,,404,C,5/4/2020 00:00,2020-05-04T00:00:00Z,16,62,2020-05-26T00:00:00.000-00:00,30,2,79,15088,15088,81,15088,0,1,770e9a882408a50c7d348e6b96e11e742a799f20
20200505,MT,456,14816,,6,62,,,,,410,C,5/5/2020 00:00,2020-05-05T00:00:00Z,16,62,2020-05-26T00:00:00.000-00:00,30,-1,185,15272,15272,184,15272,0,0,b4c06de72c5ea3919246ce90c9ad6c276deed54a
20200506,MT,456,19248,,6,62,,,,,417,C,5/6/2020 00:00,2020-05-06T00:00:00Z,16,62,2020-05-26T00:00:00.000-00:00,30,0,4432,19704,19704,4432,19704,0,0,5b347feadb04a87a92ce8d5c6411d67a633dd92e
20200507,MT,456,19791,,6,62,,,,,417,C,5/7/2020 00:00,2020-05-07T00:00:00Z,16,62,2020-05-26T00:00:00.000-00:00,30,0,543,20247,20247,543,20247,0,0,1ca0143053988eacfb66c50299d0036d3b863078
20200508,MT,458,20487,,6,62,,,,,420,C,5/8/2020 00:00,2020-05-08T00:00:00Z,16,62,2020-05-26T00:00:00.000-00:00,30,2,696,20945,20945,698,20945,0,0,79f01f162fd6e4ab55982d31ab6c98f14fbb4ceb
20200509,MT,458,20871,,4,62,,,,,422,C,5/9/2020 00:00,2020-05-09T00:00:00Z,16,62,2020-05-26T00:00:00.000-00:00,30,0,384,21329,21329,384,21329,0,0,c75801b50182cabfc81d8dc5f1e109a05d2dd89d
20200510,MT,458,21246,,4,62,,,,,422,C,5/9/2020 00:00,2020-05-09T00:00:00Z,16,62,2020-05-26T00:00:00.000-00:00,30,0,375,21704,21704,375,21704,0,0,85e14c56136be5bf4eddc4d3e27a484bc0ff0607
20200511,MT,459,22113,,4,62,,,,,423,C,5/10/2020 00:00,2020-05-10T00:00:00Z,16,62,2020-05-26T00:00:00.000-00:00,30,1,867,22572,22572,868,22572,0,0,4872a382e12f70ed19eb2ec93cd5ab227cec4fad
20200512,MT,461,22574,,4,63,,,,,425,B,5/12/2020 00:00,2020-05-12T00:00:00Z,16,63,2020-05-26T00:00:00.000-00:00,30,2,461,23035,23035,463,23035,0,1,e3e5b828759a47bc70082b3e0f67720dd1b50b70
20200513,MT,462,23390,,3,63,,,,,430,B,5/13/2020 00:00,2020-05-13T00:00:00Z,16,63,2020-05-26T00:00:00.000-00:00,30,1,816,23852,23852,817,23852,0,0,6e9eeace7d0f78439e86531c3b362dcce6d8bcd5
20200514,MT,462,24087,,3,63,,,,,431,B,5/14/2020 00:00,2020-05-14T00:00:00Z,16,63,2020-05-26T00:00:00.000-00:00,30,0,697,24549,24549,697,24549,0,0,e9feb78b457347cfd4199fb75cdd9ca99381a13c
20200515,MT,466,24952,,3,63,,,,,431,B,5/15/2020 00:00,2020-05-15T00:00:00Z,16,63,2020-05-26T00:00:00.000-00:00,30,4,865,25418,25418,869,25418,0,0,5cd2f5af94e8999c0ad94a2d7e6ddb64a5ec0f43
20200516,MT,468,25623,,3,63,,,,,431,B,5/16/2020 00:00,2020-05-16T00:00:00Z,16,63,2020-05-26T00:00:00.000-00:00,30,2,671,26091,26091,673,26091,0,0,8bdba66b13c122d1e699eebd7513e9cbef010cb7
20200517,MT,468,26417,,3,63,,,,,431,B,5/17/2020 00:00,2020-05-17T00:00:00Z,16,63,2020-05-26T00:00:00.000-00:00,30,0,794,26885,26885,794,26885,0,0,2320ebc11392beccef5c31c300213b137fc96b15
20200518,MT,470,27697,,4,64,,,,,434,B,5/18/2020 00:00,2020-05-18T00:00:00Z,16,64,2020-05-26T00:00:00.000-00:00,30,2,1280,28167,28167,1282,28167,0,1,9f51c8ee41086987a79ccdc2362aa02d2a567be5
20200519,MT,471,28479,,5,65,,,,,437,B,5/19/2020 00:00,2020-05-19T00:00:00Z,16,65,2020-05-26T00:00:00.000-00:00,30,1,782,28950,28950,783,28950,0,1,046836afd494ba9daab06386804476d54ba5aa77
20200520,MT,478,29248,,3,65,,,,,440,C,5/20/2020 00:00,2020-05-20T00:00:00Z,16,65,2020-05-26T00:00:00.000-00:00,30,7,769,29726,29726,776,29726,0,0,d714ea53087ac668ec61331ef0f0256ab14224f2
20200521,MT,479,30045,,3,65,,,,,440,C,5/21/2020 00:00,2020-05-21T00:00:00Z,16,65,2020-05-26T00:00:00.000-00:00,30,1,797,30524,30524,798,30524,0,0,ab28587fb6ac0bd0bf8122cc974c178df189343d
20200522,MT,479,31378,,3,65,,,,,441,C,5/22/2020 12:05,2020-05-22T12:05:00Z,16,65,2020-05-26T00:00:00.000-00:00,30,0,1333,31857,31857,1333,31857,0,0,1ec240a8dc83222e3e7cb8207b6cc6aa45203dfe
20200523,MT,479,32173,,3,65,,,,,441,C,5/23/2020 00:00,2020-05-23T00:00:00Z,16,65,2020-05-26T00:00:00.000-00:00,30,0,795,32652,32652,795,32652,0,0,932500097f3c600c46a1b8fba14c798e6848fb20
20200524,MT,479,32902,,3,65,,,,,441,C,5/24/2020 11:58,2020-05-24T11:58:00Z,16,65,2020-05-26T00:00:00.000-00:00,30,0,729,33381,33381,729,33381,0,0,206a94a3289e3d35bc20266e61b5727fe07a2efe
20200525,MT,479,33203,,3,65,,,,,441,C,5/25/2020 00:00,2020-05-25T00:00:00Z,16,65,2020-05-26T00:00:00.000-00:00,30,0,301,33682,33682,301,33682,0,0,eee8e4dbd41deaef7bd29d79b95d4ed2a66fd25e
